5 11 18 30 51 67
6 7 13 20 55 80
40 2 5 24 39 73
100 3 10 15 32 69
3 3 9 11 34 81
3 9 24 40 57 88
3 12 21 33 61 82
3 10 24 31 48 74
3 4 18 38 45 83
3 5 21 34 42 83
3 22 27 52 73 84
3 18 20 28 58 84
3 4 19 23 37 75
3 12 13 27 44 85
3 7 17 30 51 76
3 9 19 27 35 69
3 8 16 33 47 74
3 4 18 24 35 78
3 21 25 29 70 80
3 7 14 31 52 84
3 7 16 41 61 83
3 15 22 31 56 83
3 5 15 34 62 82
3 19 33 47 54 86
3 10 12 25 65 71
5 5 18 28 39 80
5 10 22 36 40 86
5 5 10 20 56 81
5 8 20 44 60 78
5 13 20 40 55 80
5 5 20 22 29 80
5 2 15 29 48 72
5 5 13 34 49 78
5 6 16 29 53 80
5 5 23 24 25 81
5 7 15 32 47 80
5 4 11 28 48 77
5 6 9 21 30 77
5 5 24 43 66 79
5 10 19 20 38 82
5 2 15 20 33 79
5 7 24 38 55 75
5 7 16 28 61 68
5 3 11 20 33 85
5 10 14 31 56 87
5 8 15 26 38 80
5 4 8 24 39 79
5 9 20 21 32 73
5 4 25 27 68 81
5 3 14 36 46 68
5 8 16 46 59 74
5 9 14 24 43 77
5 8 15 21 32 78
5 8 15 22 27 80
5 18 23 32 48 71
5 11 18 31 56 70
5 17 19 28 55 81
5 4 42 44 56 82
5 9 11 25 42 78
5 3 30 40 48 79
5 8 12 43 44 72
5 11 23 26 58 71
5 6 15 20 47 81
5 12 16 27 51 77
5 7 15 25 36 79
5 10 11 42 54 76
5 5 11 30 58 71
5 14 16 49 51 81
5 16 18 22 44 87
5 4 9 11 21 81
5 7 22 36 51 80
5 7 15 23 50 83
5 9 21 28 49 82
5 4 22 32 47 74
5 5 16 23 40 77
5 10 13 31 56 80
5 3 7 30 39 83
5 11 23 26 58 81
5 4 8 30 41 73
5 6 18 22 46 79
5 8 33 42 48 82
5 10 21 30 45 82
5 5 7 40 50 85
5 6 10 30 45 82
5 6 18 34 44 73
5 6 22 39 46 72
5 7 12 19 46 63
5 7 10 18 55 83
5 7 11 35 48 81
5 5 8 11 48 81
5 4 18 36 62 81
5 13 25 53 60 79
5 5 16 24 42 61
5 16 18 36 55 81
5 8 18 21 54 68
5 16 20 31 60 78
5 9 16 47 51 73
5 11 16 48 59 81
5 5 26 27 54 81
5 7 17 24 57 79
5 4 8 30 53 85
5 7 16 28 61 80
5 10 23 28 33 73
5 10 24 31 33 84
5 7 20 24 58 83
5 9 22 35 53 69
5 10 17 28 54 74
5 8 15 37 39 81
5 11 22 43 48 72
5 5 27 38 44 83
5 4 17 29 32 78
5 12 14 28 41 70
5 11 26 42 56 81
5 8 13 22 38 76
5 5 14 33 47 78
5 5 16 25 39 81
5 9 20 28 36 79
5 11 15 47 63 80
5 8 23 24 29 76
5 8 23 25 52 66
5 15 19 30 52 83
5 3 9 23 38 79
5 9 16 23 66 83
5 8 13 21 53 62
5 15 21 28 37 79
1000 2 6 11 19 61
1000 2 3 11 12 59
1000 2 4 14 24 57
1000 4 5 9 18 59
1000 3 5 11 22 61
1000 2 5 13 24 58
1000 2 4 8 25 62
1000 3 6 9 20 57
1000 2 3 11 20 61
1000 2 7 11 19 58
1000 2 5 10 24 54
1000 2 5 12 19 49
1000 2 4 11 18 62
1000 3 5 12 15 63
1000 2 5 8 22 58
1000 2 6 12 24 60
1000 2 6 12 24 51
1000 2 3 7 16 59
1000 2 3 8 16 58
1000 2 3 7 8 63
1000 2 5 9 13 49
1000 2 3 7 21 57
1000 2 5 13 19 60
1000 3 4 10 17 58
1000 2 6 9 23 54
1000 2 4 13 23 61
1000 2 3 8 23 61
1000 2 5 8 18 59
1000 2 3 7 14 59
1000 2 5 9 17 62
1000 2 3 8 20 61
1000 2 4 5 6 58
1000 2 3 7 21 54
1000 2 4 9 12 58
1000 2 5 12 22 57
1000 2 4 10 24 62
1000 2 3 8 15 57
1000 2 3 10 15 61
1000 2 5 6 21 56
1000 2 3 5 13 54
1000 3 4 12 25 54
1000 3 7 11 24 51
1000 2 5 9 17 52
1000 2 4 9 21 61
1000 2 4 11 16 57
1000 2 7 14 19 53
1000 2 4 13 22 62
1000 2 4 14 18 62
1000 2 5 9 19 61
1000 2 4 6 22 65
1000 2 5 7 11 57
1000 2 3 8 22 61
1000 2 4 9 23 64
1000 2 4 9 21 54
1000 2 4 10 16 53
1000 3 4 8 17 63
1000 2 4 10 14 53
1000 2 6 8 21 54
1000 2 4 5 24 59
1000 2 6 7 11 61
1000 2 7 10 19 59
1000 3 5 10 11 58
1000 2 5 9 19 61
1000 2 6 11 19 63
1000 2 3 10 19 62
1000 3 6 11 20 61
1000 2 3 9 20 51
1000 2 3 9 22 52
1000 2 4 8 20 58
1000 2 3 5 19 61
1000 3 6 10 24 60
1000 2 5 7 20 60
1000 2 5 10 21 61
1000 2 3 10 19 64
1000 2 4 10 18 56
1000 2 5 7 21 50
1000 2 4 7 15 62
1000 2 5 8 17 56
1000 2 4 5 21 60
1000 3 5 12 15 47
1000 2 3 9 17 62
1000 2 4 6 13 56
1000 2 5 10 22 52
1000 2 4 12 22 57
1000 2 4 7 13 60
1000 2 4 9 25 56
1000 3 5 10 22 67
1000 2 4 7 15 54
1000 2 5 12 18 59
1000 2 4 8 17 56
1000 2 7 12 19 58
1000 2 4 12 17 54
1000 2 3 10 19 58
1000 2 4 9 15 52
1000 2 4 14 18 59
1000 2 4 10 24 58
1000 3 5 9 19 62
1000 2 3 8 13 59
1000 2 4 7 13 60
1000 3 4 10 19 59
1000 2 4 9 26 48
1000 2 6 12 19 57
1000 2 5 10 16 55
1000 2 3 12 22 50
1000 2 3 9 20 57
1000 2 4 5 27 58
1000 2 3 12 19 56
1000 3 4 11 20 59
1000 2 5 10 14 59
1000 2 7 13 16 58
1000 2 4 8 18 63
1000 2 5 9 17 58
1000 2 3 8 17 59
1000 2 3 8 22 52
1000 2 5 9 22 56
1000 2 4 7 21 67
1000 2 4 9 17 57
1000 2 4 11 13 56
1000 2 5 8 14 52
1000 2 4 13 25 57
1000 2 4 11 13 44
1000 4 7 13 20 58
1000 2 3 9 17 53
1000 2 6 9 11 59
1000 2 3 4 18 57
1000 2 3 5 24 59
1000 2 4 8 20 56
1000 2 4 7 29 60
1000 2 6 9 15 61
1000 2 3 7 23 60
1000 2 4 5 19 57
1000 2 4 12 16 65
1000 2 4 7 15 57
1000 2 3 13 18 61
1000 2 4 10 24 56
1000 2 5 12 20 64
1000 3 5 11 14 52
1000 2 4 5 16 52
1000 2 6 13 21 63
1000 2 6 8 14 57
1000 2 4 12 15 60
1000 2 4 10 18 59
1000 2 5 11 23 54
1000 2 5 9 15 55
1000 3 5 7 20 63
1000 3 5 10 21 60
1000 2 6 9 23 63
1000 2 5 12 15 53
1000 3 6 13 17 59
1000 2 4 12 22 53
1000 2 3 10 19 62
1000 2 5 10 19 55
1000 2 6 13 24 59
1000 2 4 12 19 63
1000 2 6 11 14 54
1000 2 5 10 25 52
1000 2 4 11 20 59
1000 2 6 9 20 57
1000 2 3 6 15 50
1000 3 5 15 21 56
1000 2 6 11 23 56
1000 2 4 8 16 64
1000 2 4 11 14 48
1000 2 3 10 22 59
1000 2 6 11 25 58
1000 2 5 11 23 59
1000 2 5 7 19 61
1000 2 4 11 17 59
1000 2 3 9 17 59
1000 2 4 8 24 64
1000 2 6 12 25 59
1000 3 5 10 21 59
1000 2 3 14 23 57
1000 2 6 11 16 60
1000 3 4 9 19 57
1000 2 5 9 16 61
1000 2 3 7 21 62
1000 2 4 6 19 63
1000 2 5 8 19 55
1000 2 5 12 27 59
1000 2 4 9 16 57
1000 2 4 10 19 62
1000 2 3 10 11 63
1000 2 5 8 23 57
1000 2 7 15 20 63
1000 2 4 8 17 61
1000 2 4 10 14 57
1000 2 5 10 21 55
1000 5 6 8 25 53
1000 3 5 6 13 57
1000 2 4 13 18 58
1000 2 4 7 16 64
1000 2 5 12 19 54
1000 2 4 9 19 62
1000 2 4 10 22 58
1000 2 5 13 21 58
1000 3 5 11 18 47
1000 2 5 10 17 61
1000 2 3 7 17 54
1000 2 4 10 15 59
1000 2 4 10 11 52
1000 2 3 9 15 56
1000 2 3 4 19 52
1000 2 6 11 24 58
1000 2 4 7 16 59
1000 2 5 9 18 54
1000 3 5 11 15 49
1000 2 5 10 21 59
1000 3 5 12 17 62
1000 2 5 7 23 62
1000 2 6 10 22 63
1000 2 4 9 13 56
1000 2 3 9 25 58
1000 2 4 9 21 61
1000 3 6 9 21 68
1000 2 5 10 17 50
1000 2 4 10 20 59
1000 2 5 8 13 54
1000 2 4 11 23 61
1000 2 3 11 21 56
1000 2 5 6 14 59
1000 3 5 9 15 57
1000 2 5 8 16 59
1000 2 3 8 19 60
1000 2 6 12 24 58
1000 2 4 10 17 64
1000 2 4 7 11 49
1000 2 4 11 24 58
1000 2 4 8 17 56
1000 2 5 12 15 60
1000 3 4 11 27 61
1000 2 4 8 23 59
1000 2 5 10 22 43
1000 2 5 9 23 57
1000 2 4 8 17 59
1000 2 3 8 10 58
1000 2 5 10 23 65
1000 2 6 11 19 57
1000 2 4 10 23 55
1000 2 5 9 20 57
1000 2 5 10 21 53
1000 2 4 7 22 64
1000 2 3 10 18 61
1000 3 6 10 21 59
1000 3 5 6 10 56
1000 2 4 14 28 61
1000 3 4 10 16 52
1000 2 4 10 16 58
1000 2 3 12 19 61
1000 2 6 10 17 61
1000 2 4 13 21 55
1000 2 4 8 15 57
1000 2 4 7 19 58
1000 2 4 10 21 56
1000 3 4 10 26 54
1000 2 4 9 17 60
1000 2 4 10 22 56
1000 2 4 5 23 61
1000 2 3 7 17 57
1000 2 3 12 15 59
1000 2 4 13 20 55
1000 2 3 9 20 55
1000 2 3 9 20 55
1000 2 4 8 23 57
1000 3 4 13 19 61
1000 2 3 6 24 51
1000 2 4 14 21 63
1000 2 3 12 14 62
1000 2 3 9 19 58
1000 2 4 12 15 59
1000 2 4 8 17 49
1000 2 3 11 21 60
1000 2 5 11 21 56
1000 2 4 6 25 58
1000 2 5 9 12 62
1000 2 5 8 21 57
1000 2 3 11 22 55
1000 3 6 13 20 64
1000 2 4 9 19 57
1000 2 5 12 19 58
1000 2 4 12 19 58
1000 2 4 6 17 58
1000 2 7 11 18 60
1000 2 5 14 24 60
1000 2 4 9 14 55
1000 3 4 10 17 55
1000 2 5 11 14 58
1000 2 5 10 21 64
1000 2 4 12 20 58
1000 2 4 11 21 59
1000 2 3 8 19 54
1000 2 4 8 16 59
1000 2 3 7 22 60
1000 2 4 11 22 62
1000 2 6 11 16 56
1000 2 3 9 16 61
1000 2 4 10 18 61
1000 3 6 10 21 53
1000 2 4 10 11 56
1000 2 4 10 11 61
1000 2 5 12 21 57
1000 2 4 7 21 58
1000 2 3 12 24 60
1000 2 3 6 18 56
1000 2 6 13 24 60
1000 2 5 10 18 60
1000 2 5 8 18 54
1000 2 4 6 15 58
1000 2 3 11 18 63
1000 2 5 8 18 49
1000 2 4 10 23 59
1000 2 3 13 22 62
1000 2 5 9 24 56
1000 3 4 11 16 58
1000 2 5 8 25 64
1000 2 4 9 23 58
1000 2 5 10 21 56
1000 3 5 10 19 53
1000 2 4 7 15 60
1000 3 4 10 28 58
1000 2 4 9 10 57
1000 2 4 11 24 57
1000 3 5 7 13 59
1000 2 6 10 22 57
1000 2 4 8 17 62
1000 2 5 7 19 53
1000 2 4 5 15 47
1000 2 3 9 16 62
1000 2 5 13 16 60
1000 2 4 11 15 57
1000 2 4 12 22 56
1000 2 5 11 17 56
1000 2 5 7 17 53
1000 2 5 9 17 52
1000 3 4 5 15 59
1000 2 5 6 16 61
1000 2 4 11 12 52
1000 2 4 7 9 59
1000 2 5 8 22 57
1000 3 5 9 22 61
1000 4 6 8 23 55
1000 2 3 10 11 61
1000 2 4 10 23 64
1000 2 4 11 18 60
1000 2 5 7 20 58
1000 2 4 5 20 60
1000 2 4 11 19 60
1000 2 5 14 25 57
1000 2 6 10 26 54
1000 2 4 8 19 57
1000 2 5 8 21 53
1000 2 5 7 23 58
1000 3 5 13 16 60
1000 2 4 10 16 63
1000 2 4 11 16 55
1000 2 4 6 17 57
1000 2 7 10 20 53
1000 2 4 6 19 59
1000 2 7 10 19 55
1000 2 4 9 21 61
1000 2 5 12 25 58
1000 2 4 10 20 58
1000 2 3 11 18 57
1000 2 4 12 20 60
1000 2 4 9 21 57
1000 2 4 6 17 53
1000 2 4 11 16 59
1000 2 6 11 21 57
1000 2 5 9 19 58
1000 2 7 9 20 56
1000 2 4 7 16 59
1000 2 5 6 25 54
1000 3 4 5 19 57
1000 2 4 12 20 57
1000 2 4 8 15 63
1000 2 3 13 18 47
1000 2 4 13 17 61
1000 2 3 12 16 54
1000 2 4 10 16 59
1000 2 4 9 23 61
1000 2 3 6 18 47
1000 2 3 9 16 58
1000 2 3 10 22 51
1000 2 7 10 11 60
1000 2 4 9 19 55
1000 2 3 9 18 58
1000 2 3 11 20 61
1000 2 4 12 14 58
1000 2 3 9 16 55
1000 2 4 7 22 61
1000 2 3 10 22 57
1000 2 3 12 23 64
1000 2 4 11 23 56
1000 2 3 11 13 61
1000 2 4 12 18 65
1000 2 4 8 24 56
1000 2 3 8 21 55
1000 2 4 12 25 44
1000 2 4 9 12 55
1000 2 4 6 11 58
1000 2 6 9 14 57
1000 2 6 12 20 59
1000 2 5 11 22 59
1000 2 5 10 15 65
1000 2 6 12 18 60
1000 2 5 10 18 62
1000 2 3 9 19 55
1000 2 3 11 24 63
1000 2 4 10 18 58
1000 2 7 10 19 61
1000 2 3 11 23 53
1000 2 4 9 16 60
1000 2 3 8 22 65
1000 3 5 10 18 63
1000 2 6 9 15 59
1000 2 4 11 23 61
1000 2 4 6 17 45
1000 2 3 8 15 56
1000 2 6 13 18 52
1000 2 6 10 17 63
1000 2 4 9 15 63
1000 3 5 9 18 61
1000 2 4 11 18 51
1000 2 5 11 24 64
1000 2 3 6 26 54
1000 3 5 9 23 49
1000 2 4 6 16 60
1000 2 3 10 24 56
1000 4 6 11 18 56
1000 3 5 13 15 56
1000 2 3 10 16 54
1000 2 3 12 16 57
1000 2 5 8 14 62
1000 2 3 8 10 55
1000 2 3 5 21 56
1000 2 4 12 21 62
1000 2 4 13 17 57
1000 2 4 11 20 58
1000 2 5 9 20 49
1000 2 4 10 18 54
1000 2 4 10 14 55
1000 2 5 11 17 50
1000 3 4 12 22 55
1000 2 3 5 14 64
1000 2 4 11 15 60
1000 2 4 7 16 48
1000 2 5 11 21 56
1000 2 5 11 17 57
1000 2 5 8 13 51
1000 2 3 8 21 55
1000 2 3 9 17 54
1000 2 6 7 19 57
1000 2 3 8 19 59
1000 2 5 12 25 57
1000 3 5 9 25 59
1000 2 3 11 21 53
1000 2 5 8 21 57
1000 2 5 11 16 53
1000 2 5 10 21 59
1000 2 3 10 19 58
1000 2 4 5 12 61
1000 2 5 12 20 60
1000 2 3 10 21 59
1000 2 4 9 20 52
1000 2 4 8 22 57
1000 3 5 9 20 52
1000 2 4 9 21 54
1000 2 5 8 17 61
1000 2 5 11 12 59
1000 2 5 6 10 59
1000 2 4 7 17 61
1000 2 4 5 20 49
1000 2 4 13 20 61
1000 2 3 11 19 53
1000 2 5 9 20 53
1000 2 4 9 19 59
1000 2 5 7 22 61
1000 2 3 9 15 56
1000 2 5 8 24 59
1000 2 3 8 19 51
1000 2 3 11 18 56
1000 2 4 9 24 60
1000 2 5 11 15 63
1000 2 4 11 23 54
1000 2 5 10 20 52
1000 4 5 12 25 60
1000 3 5 10 13 60
1000 2 5 12 19 58
1000 2 6 12 16 60
1000 2 4 7 15 57
1000 2 6 7 17 62
1000 2 4 9 22 58
1000 2 4 8 19 58
1000 2 3 11 17 60
1000 2 3 7 22 58
1000 2 5 8 18 56
1000 2 4 9 15 52
1000 2 3 7 20 62
1000 2 4 9 20 54
1000 2 4 6 14 59
1000 2 4 10 14 57
1000 2 4 13 19 45
1000 2 5 11 19 60
1000 2 5 10 16 63
1000 3 6 12 20 60
1000 2 5 8 22 59
1000 2 4 13 20 64
1000 2 4 7 25 59
1000 2 4 11 13 59
1000 2 5 13 26 58
1000 2 4 14 17 60
1000 2 5 10 13 54
1000 2 5 10 23 59
1000 2 5 11 19 58
1000 2 6 9 13 61
1000 2 4 6 23 54
1000 2 4 10 27 65
1000 2 5 8 19 58
1000 2 3 11 22 66
1000 2 5 10 23 61
1000 2 7 8 18 53
1000 2 3 10 23 65
1000 2 6 10 20 62
1000 2 3 9 16 65
1000 2 4 7 16 57
1000 2 5 11 20 63
1000 2 4 13 17 55
1000 2 4 5 10 62
1000 2 5 11 17 60
1000 2 5 7 22 58
1000 2 5 7 18 62
1000 2 3 13 22 61
1000 2 6 11 20 58
1000 2 3 9 14 59
1000 2 6 13 21 45
1000 2 4 9 18 59
1000 2 3 6 20 64
1000 2 4 8 20 56
1000 2 3 10 21 57
1000 2 4 9 24 61
1000 2 5 7 12 56
1000 2 4 10 15 55
1000 2 3 13 21 61
1000 2 4 11 18 66
1000 2 5 8 9 59
1000 3 5 7 17 60
1000 2 3 11 25 62
1000 2 4 12 23 48
1000 2 4 10 15 58
1000 2 3 8 16 57
1000 2 4 10 26 62
1000 2 3 13 19 61
1000 2 4 10 15 58
1000 2 6 9 19 54
1000 2 3 10 20 53
1000 2 3 9 18 61
1000 2 4 10 16 57
1000 2 5 13 28 59
1000 2 6 9 11 55
1000 2 5 8 11 58
1000 2 4 11 15 65
1000 2 5 7 22 51
1000 2 4 10 18 64
1000 2 5 8 21 62
1000 2 4 11 23 63
1000 2 4 8 27 55
1000 2 5 9 26 53
1000 2 6 8 19 43
1000 2 4 11 20 60
1000 2 5 10 19 61
1000 2 5 11 22 56
1000 3 4 10 16 60
1000 2 5 13 19 53
1000 2 4 9 19 62
1000 2 3 10 17 62
1000 3 4 8 16 63
1000 2 4 9 23 55
1000 2 3 10 13 63
1000 2 3 6 22 55
1000 2 5 8 21 49
1000 2 4 5 22 59
1000 2 4 9 13 60
1000 2 3 12 13 58
1000 2 4 10 17 60
1000 2 6 8 21 57
1000 2 5 9 19 57
1000 3 6 10 17 55
1000 2 5 8 12 60
1000 2 5 10 15 57
1000 3 5 11 20 59
1000 2 5 9 23 52
1000 2 4 8 23 60
1000 2 4 9 16 54
1000 3 6 11 20 63
1000 3 4 12 24 55
1000 3 5 8 22 56
1000 2 5 8 15 52
1000 2 3 9 17 61
1000 2 4 8 26 45
1000 2 5 9 20 55
1000 2 5 12 20 57
1000 2 5 8 12 53
1000 2 5 10 16 58
1000 2 3 10 17 61
1000 2 3 12 20 59
1000 2 6 10 15 56
1000 2 3 7 11 49
1000 2 4 10 16 54
1000 2 4 7 24 59
1000 2 3 10 12 58
1000 2 5 10 19 56
1000 2 4 11 19 56
1000 2 4 10 17 61
1000 2 5 12 20 60
1000 2 3 7 14 57
1000 2 4 9 23 55
1000 2 4 10 19 56
1000 2 3 12 28 57
1000 2 4 9 21 58
1000 2 4 6 12 58
1000 2 5 12 18 59
1000 2 6 10 13 59
1000 2 5 11 26 60
1000 2 3 16 18 57
1000 3 4 8 14 63
1000 2 3 6 8 57
1000 2 4 5 22 61
1000 2 5 13 28 58
1000 2 5 9 18 55
1000 2 4 11 19 62
1000 2 3 9 17 57
1000 2 3 10 23 53
1000 2 4 11 18 53
1000 3 5 7 19 63
1000 2 4 10 18 55
1000 2 5 10 20 51
1000 3 5 12 20 64
1000 2 6 8 21 61
1000 2 5 9 23 62
1000 3 4 7 18 56
1000 2 4 7 15 60
1000 2 4 10 15 52
1000 2 5 9 13 62
1000 2 3 9 23 61
1000 2 4 13 22 55
1000 2 5 12 20 51
1000 2 6 11 17 60
1000 2 3 10 15 55
1000 2 4 10 14 55
1000 2 5 9 15 51
1000 2 4 12 14 59
1000 2 5 9 20 58
1000 2 3 11 17 64
1000 2 5 8 18 53
1000 2 4 9 21 63
1000 2 3 7 21 56
1000 2 4 10 21 59
1000 2 4 13 24 64
1000 2 7 12 24 58
1000 2 3 6 20 64
1000 2 5 11 23 54
1000 2 3 11 19 63
1000 3 4 10 20 50
1000 2 7 12 24 50
1000 2 6 11 19 54
1000 2 4 9 15 55
1000 2 4 6 22 59
1000 3 5 11 19 59
1000 2 5 10 17 63
1000 2 4 11 17 58
1000 2 5 7 18 59
1000 2 4 9 20 61
1000 2 3 4 19 52
1000 2 3 11 19 58
1000 2 3 11 17 59
1000 2 4 9 10 65
1000 3 5 9 18 60
1000 2 4 9 21 58
1000 2 3 10 14 51
1000 2 5 8 22 52
1000 2 4 7 16 52
1000 2 4 8 21 57
1000 2 5 8 22 57
1000 2 4 10 20 48
1000 2 3 7 9 63
1000 2 7 10 17 62
1000 2 5 11 19 55
1000 2 3 10 20 61
1000 2 4 12 14 56
1000 2 4 8 19 61
1000 2 3 9 18 59
1000 2 6 11 18 57
1000 2 5 12 20 58
1000 2 4 8 16 60
1000 2 6 14 18 58
1000 2 4 13 18 57
1000 2 6 10 15 60
1000 2 6 11 23 59
1000 2 8 12 15 52
1000 2 3 5 10 60
1000 2 3 9 24 52
1000 2 4 11 21 59
1000 2 5 9 24 63
1000 2 5 6 17 59
1000 2 5 9 15 62
1000 2 3 11 16 52
1000 2 4 11 24 62
1000 3 6 8 22 59
1000 2 4 13 24 51
1000 2 4 12 16 56
1000 2 3 11 16 53
1000 2 5 14 23 50
1000 2 4 10 24 51
1000 2 4 12 22 63
1000 2 3 12 20 63
1000 2 3 11 14 57
1000 2 4 10 18 61
1000 2 6 8 24 50
1000 2 5 8 25 63
1000 3 4 6 19 57
1000 2 3 5 19 56
1000 2 3 5 17 59
1000 2 4 5 12 58
1000 2 5 9 19 59
1000 2 4 7 16 59
1000 2 4 7 20 58
1000 2 5 6 13 57
1000 2 4 6 25 59
1000 2 4 11 19 54
1000 2 4 12 18 57
1000 3 6 9 25 60
1000 2 7 9 19 60
1000 2 4 11 26 61
1000 2 5 10 17 57
1000 2 3 10 23 53
1000 2 3 6 22 63
1000 2 4 7 21 59
1000 2 3 12 22 58
1000 2 5 13 15 59
1000 2 4 10 15 58
1000 2 3 8 17 60
1000 2 5 8 20 61
1000 2 3 11 17 58
1000 2 3 6 11 58
1000 2 3 10 14 51
1000 2 4 7 9 58
1000 2 4 10 20 58
1000 2 6 10 26 63
1000 2 5 10 20 59
1000 2 4 8 14 55
1000 2 4 8 21 60
1000 2 4 8 19 60
1000 2 4 8 16 55
1000 2 4 7 16 55
1000 2 5 9 14 57
1000 2 5 8 22 52
1000 2 3 8 18 52
1000 2 4 7 19 60
1000 2 3 11 17 63
1000 2 3 8 18 57
1000 2 5 9 20 63
1000 2 5 14 19 63
1000 2 3 7 12 59
1000 2 3 10 22 60
1000 2 3 6 9 54
1000 2 4 5 19 56
1000 2 5 9 14 62
1000 2 5 11 17 62
1000 2 4 6 19 61
1000 2 3 7 23 62
1000 2 5 9 14 55
1000 2 3 11 14 60
1000 2 4 9 17 56
1000 2 3 8 22 62
1000 2 4 11 18 55
1000 2 3 7 11 59
1000 2 5 7 23 58
1000 2 6 9 20 54
1000 2 5 9 14 58
1000 2 4 8 19 60
1000 2 4 6 7 51
1000 3 5 12 18 56
1000 2 3 9 20 64
1000 2 4 8 23 54
1000 2 5 8 23 59
1000 2 4 7 13 59
1000 2 3 10 20 54
1000 2 3 8 20 61
1000 2 5 9 20 59
1000 4 5 12 18 54
1000 2 3 7 19 50
1000 2 5 9 16 53
1000 2 4 7 21 63
1000 2 3 7 14 64
1000 3 4 10 21 59
1000 2 3 6 24 57
1000 2 5 11 12 60
1000 2 4 8 22 63
1000 2 4 5 13 52
1000 2 4 9 16 58
1000 2 5 8 18 63
1000 2 4 11 19 59
1000 2 5 8 17 57
1000 2 5 11 23 54
1000 2 4 11 22 53
1000 2 4 7 21 56
1000 2 5 10 20 62
1000 2 5 9 18 58
1000 2 4 10 26 58
1000 2 3 12 17 55
1000 2 6 10 18 55
1000 2 5 7 24 56
1000 3 4 9 17 53
1000 2 4 8 23 56
1000 2 7 9 22 59
1000 2 5 7 20 60
1000 2 5 13 22 58
1000 2 4 13 18 57
1000 2 4 10 18 57
1000 2 3 8 10 48
1000 3 5 10 17 57
1000 2 6 9 18 56
1000 2 6 8 16 58
1000 2 5 6 20 62
1000 2 5 10 19 64
1000 2 5 9 28 63
1000 2 3 9 12 62
1000 3 5 14 18 54
1000 2 6 7 17 58
1000 2 5 9 19 59
1000 2 5 9 14 66
1000 2 4 7 14 56
1000 2 3 8 21 55
1000 2 5 11 12 61
1000 2 5 9 18 55
1000 2 4 10 25 54
1000 2 5 11 18 59
1000 2 4 8 22 55
1000 2 4 11 13 54
1000 3 5 6 17 57
1000 2 3 8 18 58
1000 2 3 11 19 49
1000 2 4 10 22 54
1000 2 5 11 25 57
1000 2 4 7 24 56
1000 2 4 5 22 55
1000 2 4 10 26 62
1000 2 3 8 19 59
1000 2 4 10 15 57
1000 2 4 6 17 57
1000 2 4 11 21 57
1000 2 5 9 17 61
1000 3 6 10 15 62
1000 2 4 9 19 61
1000 2 4 8 20 57
1000 2 5 9 14 53
1000 2 4 8 13 63
1000 2 4 8 23 62
1000 2 3 7 15 66
1000 2 5 11 22 51
1000 2 3 12 17 60
1000 2 3 12 21 60
1000 2 3 11 15 55
1000 2 4 7 21 56
1000 3 7 11 17 59
1000 2 4 11 18 57
1000 3 5 10 21 56
1000 2 5 9 18 60
1000 2 5 10 23 56
1000 2 3 9 10 55
1000 2 5 8 17 57
1000 2 3 12 14 63
1000 2 4 10 23 60
1000 2 6 9 17 53
1000 2 4 10 12 59
1000 2 4 10 15 56
1000 2 7 12 17 56
1000 2 4 10 22 55
1000 2 4 8 17 64
1000 2 4 11 19 58
1000 2 5 8 11 63
1000 2 3 10 22 61
1000 2 4 11 15 57
1000 2 3 4 15 63
1000 2 4 10 12 60
1000 2 3 7 14 56
1000 2 4 8 22 57
1000 2 4 8 20 62
1000 2 4 11 24 55
1000 2 4 12 20 58
1000 2 3 5 24 59
1000 2 4 12 23 57
1000 2 3 9 22 55
1000 3 5 9 14 62
1000 2 4 8 20 60
1000 2 3 9 18 59
1000 2 4 9 18 63
1000 2 4 6 27 63
1000 2 3 9 18 56
1000 2 6 12 16 59
1000 2 3 9 22 58
1000 2 3 9 22 61
1000 2 7 12 18 61
1000 2 4 11 20 60
1000 2 4 10 20 59
1000 2 3 8 20 65
1000 2 4 13 15 57
1000 2 5 7 23 54
1000 2 4 7 10 63
1000 2 5 11 20 65
1000 2 5 10 21 56
1000 2 5 12 25 60
1000 2 4 7 23 58
1000 2 5 11 17 56
1000 3 4 8 16 54
1000 2 5 9 19 57
1000 2 3 6 20 57
1000 2 3 9 16 53
1000 2 3 9 16 64
1000 3 4 9 19 52
1000 2 6 12 23 55
1000 3 6 11 18 53
1000 2 3 9 19 53
1000 2 5 7 21 62
1000 2 7 9 17 56
1000 3 9 11 24 51
1000 2 4 8 18 57
1000 2 3 10 22 56
1000 3 8 14 16 58
1000 2 5 12 20 47
1000 2 4 8 22 59
1000 2 4 10 14 59
1000 2 4 10 20 58
1000 2 6 8 26 57
1000 2 5 9 20 50
1000 2 5 7 21 56
1000 2 5 12 18 60
1000 2 4 14 27 56
1000 2 5 12 16 64
1000 2 6 9 16 59
1000 2 5 9 16 61
1000 2 4 8 16 55
1000 2 4 10 24 54
1000 2 3 6 16 59
1000 2 4 8 24 52
1000 2 4 10 14 58
1000 2 5 6 17 63
1000 2 5 9 17 59
1000 3 4 8 17 50
1000 2 4 6 17 63
1000 2 5 10 26 49
1000 3 4 12 18 61
1000 2 3 9 25 57
1000 2 3 13 17 56
1000 2 4 10 24 61
1000 2 5 10 16 57
1000 2 4 11 20 48
1000 2 4 7 12 54
1000 2 5 10 17 51
1000 2 4 12 22 57
1000 2 5 12 23 54
1000 2 5 11 22 61
1000 2 5 10 16 59
1000 2 6 9 18 59
1000 2 3 11 19 55
1000 2 4 8 9 56
1000 2 5 7 19 43
1000 2 4 10 12 63
1000 2 4 8 24 61
1000 2 5 9 16 62
1000 2 4 10 13 50
1000 2 3 10 21 56
1000 2 3 7 12 57
1000 2 5 7 24 57
1000 2 4 10 21 60
1000 2 3 10 21 60
1000 2 3 9 17 60
1000 3 4 10 18 63
1000 2 4 9 13 55
1000 2 4 14 19 62
1000 2 6 9 21 63
1000 2 5 11 20 57
1000 2 4 11 22 59
1000 2 4 11 18 53
1000 2 3 13 16 63
1000 2 5 13 19 59
1000 2 3 9 26 66
1000 2 5 10 13 58
1000 2 5 7 10 66
1000 2 3 6 17 60
1000 2 6 8 20 59
1000 2 4 7 18 59
1000 2 3 8 22 54
1000 2 4 8 16 59
1000 2 5 9 25 63
1000 2 6 11 18 57
1000 2 3 10 21 49
1000 2 5 12 20 58
1000 2 5 8 19 47
1000 2 4 12 22 61
1000 2 4 9 18 62
1000 2 5 13 18 62
1000 2 4 12 26 50
1000 2 3 7 16 62
1000 2 5 7 22 61
1000 2 4 8 21 58
1000 2 4 13 18 61
1000 2 4 12 19 57
1000 2 3 11 22 51
1000 2 3 13 24 61
1000 2 4 8 16 60
1000 2 3 6 14 59
1000 3 5 11 26 55
1000 2 4 8 16 58
1000 2 5 11 22 59
1000 2 4 8 14 57
100 3 6 20 30 67
100 2 7 15 36 52
100 4 8 12 31 64
100 3 5 11 18 51
100 3 13 19 20 70
100 2 8 15 25 70
100 2 3 9 25 64
100 2 8 12 31 70
100 3 7 9 25 63
100 3 5 13 22 65
100 2 8 11 25 68
100 3 5 17 27 68
100 5 7 17 29 66
100 3 9 17 34 66
100 3 9 16 31 72
100 3 7 16 27 63
100 3 6 10 28 73
100 3 6 12 31 73
100 2 8 14 29 63
100 2 5 17 22 64
100 3 11 20 29 60
100 2 8 21 28 70
100 3 6 15 32 65
100 2 8 16 24 67
100 2 7 19 27 66
100 2 5 14 18 67
100 2 4 11 24 64
100 3 4 14 29 62
100 2 4 15 32 73
100 2 3 19 25 69
100 2 6 19 23 60
100 2 4 13 27 71
100 3 5 16 39 64
100 3 6 18 38 69
100 2 6 20 30 72
100 2 7 13 18 73
100 3 8 17 23 72
100 2 7 16 32 51
100 2 3 4 32 62
100 3 9 17 20 60
100 2 6 13 16 67
100 2 3 18 38 69
100 4 8 13 33 69
100 2 7 11 13 68
100 2 6 13 29 67
100 3 7 16 22 65
100 2 7 20 33 69
100 2 6 7 30 56
100 4 10 16 29 68
100 2 7 8 25 67
100 2 6 12 27 66
100 2 3 9 29 63
100 3 5 13 19 70
100 2 6 19 25 63
100 4 5 11 21 62
100 3 11 16 25 70
100 3 10 15 31 59
100 3 9 14 21 66
100 2 7 17 24 58
100 3 11 14 24 68
100 3 11 16 29 69
100 2 7 11 36 68
100 4 9 13 28 67
100 2 11 17 26 72
100 3 9 16 28 68
100 2 6 12 28 65
100 2 7 19 30 69
100 3 5 21 23 66
100 2 5 7 24 71
100 3 5 14 17 67
100 2 6 16 22 69
100 2 9 19 31 57
100 3 8 14 30 63
100 3 9 19 34 72
100 3 9 17 22 73
100 2 10 19 31 68
100 3 7 15 16 60
100 2 9 16 33 70
100 3 11 16 29 57
100 2 4 6 36 67
100 3 6 16 22 65
100 2 6 10 30 67
100 5 8 18 34 74
100 2 5 15 18 72
100 4 12 19 36 65
100 5 7 14 34 68
100 3 5 23 31 71
100 3 6 12 28 70
100 3 6 19 33 69
100 4 9 17 22 68
100 3 7 15 39 69
100 2 7 17 27 67
100 2 5 17 28 68
100 2 5 12 23 60
100 2 8 13 33 67
100 4 9 18 24 66
100 3 7 22 29 69
100 3 9 11 38 67
100 2 5 16 29 68
100 3 6 8 30 69
100 4 10 15 39 60
100 3 10 14 19 71
100 3 6 17 21 66
100 2 6 15 30 63
100 2 7 13 28 71
100 2 8 13 18 66
100 2 4 12 19 71
100 2 8 12 36 59
100 2 7 15 32 69
100 3 9 18 23 68
100 2 10 22 33 72
100 2 8 18 32 65
100 3 5 6 30 69
100 2 7 14 18 64
100 3 7 12 32 67
100 3 7 9 29 68
100 4 6 18 35 60
100 3 4 11 41 65
100 2 5 6 17 70
100 3 9 17 29 66
100 3 8 9 19 62
100 4 9 22 34 70
100 3 7 16 31 69
100 3 8 19 37 64
100 3 8 14 23 66
100 3 5 19 29 69
100 3 7 17 27 70
100 2 6 20 27 67
100 3 4 13 20 67
100 4 7 18 34 64
100 3 10 20 34 62
100 3 8 9 20 58
100 3 9 18 34 64
100 2 9 15 31 65
100 4 7 20 28 58
100 4 8 15 25 71
100 2 5 14 27 62
100 2 9 11 17 71
100 3 6 10 17 65
100 3 5 12 30 64
100 3 6 14 23 64
100 3 6 14 33 66
100 4 8 18 27 65
100 2 8 13 15 70
100 2 3 4 19 63
100 3 4 14 22 70
100 3 5 14 21 61
100 3 8 9 26 72
100 3 5 17 30 68
100 3 9 14 26 61
100 3 8 10 33 71
100 2 7 20 30 69
100 2 3 20 23 67
100 2 5 10 22 69
100 3 11 15 16 63
100 3 10 16 27 66
100 3 7 13 15 48
100 3 5 11 39 67
100 3 10 16 24 70
100 2 8 12 34 71
100 3 7 17 33 67
100 4 6 18 32 66
100 2 4 14 22 67
100 4 7 11 25 64
100 2 8 13 22 66
100 2 5 17 32 72
100 4 6 17 25 65
100 3 8 10 33 58
100 2 7 21 33 61
100 2 9 16 27 71
100 2 10 13 15 70
100 3 5 6 31 63
100 4 8 18 33 56
100 2 7 19 35 64
100 2 9 10 22 71
100 2 7 10 17 71
100 2 6 19 36 63
100 5 9 23 27 69
100 3 5 14 22 70
100 2 8 17 39 61
100 3 8 13 25 60
100 2 8 12 19 59
100 2 5 20 30 69
100 3 9 19 28 71
100 2 8 16 18 67
100 2 3 18 29 66
100 2 8 17 31 77
100 3 7 21 27 67
100 3 9 18 27 67
100 3 7 12 37 70
100 3 6 12 20 57
100 2 4 15 26 69
100 4 7 17 33 66
100 3 6 13 23 72
100 3 8 17 25 63
100 3 9 20 23 67
100 2 8 13 41 68
100 2 8 16 35 65
100 2 7 10 26 61
100 3 10 19 28 72
100 4 6 20 35 74
100 2 10 19 36 60
100 3 7 13 22 68
100 3 9 20 29 72
100 2 6 14 33 68
100 2 7 20 30 67
100 2 8 9 34 59
100 3 6 16 32 64
100 2 5 16 28 61
100 2 10 21 29 67
100 3 10 18 29 73
100 3 10 17 31 60
100 2 7 13 30 69
100 4 8 19 21 41
100 2 4 12 13 66
100 2 6 7 16 69
100 3 9 16 31 68
100 4 7 19 32 68
100 2 8 13 21 68
100 2 7 14 37 63
100 2 4 7 12 68
100 2 5 17 26 57
100 3 12 16 41 74
100 3 9 20 26 58
100 2 11 17 23 74
100 2 5 7 28 65
100 2 9 15 27 70
100 4 8 13 37 65
100 2 6 10 35 68
100 3 11 20 27 70
100 2 5 16 24 69
100 2 4 13 31 70
100 3 5 8 21 62
100 3 7 17 25 66
100 2 10 16 32 71
100 3 7 15 16 64
100 2 5 16 19 67
100 3 5 14 26 71
100 3 6 13 26 65
100 2 5 21 35 66
100 3 7 15 34 66
100 2 6 8 10 57
100 4 8 22 29 63
100 2 7 10 15 61
100 2 7 12 23 71
100 2 8 9 14 69
100 4 6 10 29 72
100 2 4 15 21 71
100 2 5 15 30 66
100 2 5 11 17 67
100 3 8 17 33 66
100 3 9 17 27 66
100 2 4 14 22 56
100 3 10 14 22 75
100 2 6 11 20 68
100 2 5 14 35 68
100 4 10 11 36 67
100 5 9 13 29 65
100 3 5 14 23 70
100 2 7 11 19 64
100 3 9 22 31 67
100 2 7 18 28 68
100 2 9 13 35 72
100 3 6 11 33 68
100 5 13 18 26 72
100 2 7 20 31 67
100 3 9 16 28 71
100 2 9 17 22 60
100 2 9 10 22 70
100 4 7 15 19 63
100 2 6 15 37 70
100 2 10 19 32 66
100 3 7 11 23 65
100 4 7 18 27 68
100 2 9 17 35 60
100 3 7 16 30 73
100 2 8 13 22 65
100 2 11 22 33 68
100 2 9 15 20 67
100 2 6 13 24 63
100 3 9 15 22 65
100 3 10 16 27 70
100 3 6 19 36 69
100 3 13 18 22 56
100 3 10 17 27 57
100 2 4 7 31 67
100 2 10 17 24 62
100 2 6 17 22 73
100 2 10 19 27 68
100 3 6 18 26 73
100 3 6 14 31 69
100 4 10 19 34 66
100 2 10 13 35 66
100 4 12 19 31 70
100 3 11 14 16 59
100 2 7 9 30 69
100 2 8 16 19 66
100 3 6 12 24 65
100 2 7 16 34 74
100 2 8 15 21 64
100 3 4 13 18 70
100 2 9 12 14 63
100 3 4 16 27 68
100 2 8 13 31 68
100 2 7 11 23 64
100 2 5 20 27 63
100 3 5 18 36 68
100 3 5 20 29 72
100 2 7 16 28 53
100 2 7 17 23 67
100 3 8 12 21 65
100 2 6 15 18 65
100 3 7 20 37 69
100 3 9 23 37 66
100 3 7 17 32 71
100 3 5 11 22 62
100 3 9 17 29 49
100 3 8 18 35 69
100 2 7 13 18 64
100 3 5 15 34 73
100 3 8 15 33 64
100 2 9 12 28 68
100 2 10 15 33 60
100 3 5 9 25 66
100 2 7 14 23 67
100 3 11 23 37 69
100 4 5 21 30 68
100 2 6 15 30 73
100 2 4 5 32 65
100 3 9 17 27 67
100 3 6 14 25 70
100 3 11 16 34 66
100 2 4 5 33 67
100 4 8 11 39 69
100 2 5 10 33 67
100 2 9 18 27 75
100 3 7 20 29 72
100 2 5 20 29 70
100 3 12 15 41 71
100 2 8 17 31 62
100 4 6 14 18 70
100 2 8 26 27 70
100 3 9 14 25 69
100 3 10 24 26 63
100 3 8 17 27 66
100 2 8 14 24 68
100 4 7 10 21 59
100 2 7 18 26 62
100 3 10 17 34 72
100 3 8 9 21 62
100 2 7 15 26 65
100 2 12 14 20 71
100 5 10 14 25 71
100 2 6 16 26 72
100 3 8 14 23 68
100 3 9 12 21 56
100 3 6 10 22 63
100 2 9 13 38 61
100 4 14 20 29 58
100 2 8 19 29 63
100 2 8 14 31 70
100 3 10 15 21 59
100 2 6 12 34 70
100 2 5 18 30 64
100 4 8 19 32 70
100 3 7 9 25 65
100 3 6 17 21 65
100 2 9 15 27 66
100 2 9 11 13 70
100 2 10 13 24 64
100 4 8 13 17 68
100 3 9 13 20 66
100 2 7 13 16 60
100 3 8 13 31 63
100 2 6 13 20 65
100 2 10 21 25 68
100 2 8 17 33 64
100 2 5 18 27 69
100 2 5 13 20 67
100 2 10 17 24 66
100 4 6 12 24 70
100 2 7 11 27 57
100 2 6 18 23 54
100 2 9 13 26 69
100 3 7 18 24 67
100 2 6 7 29 65
100 2 6 15 19 61
100 2 9 20 26 70
100 4 6 13 28 64
100 2 4 11 24 69
100 2 9 21 30 67
100 2 14 19 34 66
100 3 13 17 27 65
100 2 4 10 36 63
100 3 4 5 19 65
100 3 8 16 30 69
100 4 8 16 35 69
100 2 10 17 37 61
100 2 8 20 31 63
100 3 9 11 33 68
100 2 8 18 39 66
100 3 7 13 31 65
100 4 9 21 30 62
100 3 8 14 23 67
100 3 6 12 26 65
100 4 7 9 32 73
100 2 8 10 36 61
100 2 8 17 28 67
100 2 6 11 37 69
100 2 9 16 29 75
100 3 6 18 26 66
100 2 7 17 33 64
100 2 8 14 38 64
100 3 9 14 35 63
100 2 4 16 29 59
100 2 7 12 31 64
100 4 6 11 28 69
100 3 6 19 34 59
100 2 8 22 32 65
100 2 8 19 35 66
100 2 6 15 26 53
100 3 5 7 30 64
100 2 5 16 25 60
100 2 7 11 24 67
100 2 8 13 26 62
100 2 9 11 24 66
100 4 9 14 24 68
100 5 10 22 34 70
100 3 10 15 24 64
100 3 9 19 31 67
100 3 7 17 34 69
100 3 10 15 38 66
100 2 8 17 21 67
100 2 3 10 28 69
100 3 10 13 30 67
100 2 9 12 35 66
100 4 10 14 27 73
100 3 7 12 14 68
100 2 5 15 29 68
100 2 3 6 26 69
100 2 12 17 30 68
100 4 6 13 20 61
100 2 10 16 38 73
100 2 5 16 28 52
100 2 6 15 33 67
100 2 8 10 23 67
100 2 7 11 24 65
100 3 12 17 28 65
100 3 10 17 32 66
100 3 5 14 20 70
100 2 6 14 31 72
100 3 9 15 26 66
100 2 5 15 26 67
100 3 7 16 26 69
100 3 4 8 27 71
100 2 6 14 35 64
100 2 10 18 34 63
100 3 8 15 28 71
100 2 9 12 33 56
100 2 9 17 25 53
100 3 8 12 23 67
100 2 7 10 28 71
100 4 8 19 22 62
100 3 9 11 27 60
100 5 7 15 27 64
100 3 7 16 21 73
100 3 7 17 30 61
100 2 5 20 28 66
100 2 12 22 34 66
100 2 5 16 30 61
100 3 7 18 31 68
100 2 8 19 25 58
100 3 5 15 19 66
100 2 6 7 25 74
100 2 10 20 26 64
100 2 8 17 36 70
100 2 7 17 27 63
100 2 5 14 32 62
100 3 4 14 23 47
100 2 8 16 35 67
100 4 12 18 32 70
100 2 7 10 25 69
100 3 7 16 28 65
100 2 10 13 17 65
100 4 7 18 35 66
100 2 3 5 28 75
100 2 9 15 26 58
100 2 4 9 25 69
100 3 11 19 21 66
100 3 11 23 30 68
100 3 9 11 24 66
100 3 8 15 31 69
100 3 7 14 27 63
100 2 4 6 22 72
100 3 5 19 32 63
100 3 8 13 21 70
100 3 10 16 31 71
100 3 5 16 23 65
100 4 9 18 30 70
100 2 8 13 22 66
100 2 6 24 30 69
100 3 9 20 36 61
100 2 4 7 35 70
100 2 10 13 21 71
100 3 7 16 34 63
100 2 7 14 31 66
100 2 9 16 25 70
100 2 5 19 33 69
100 3 14 18 33 71
100 3 6 13 25 53
100 5 7 18 28 65
100 2 4 12 29 63
100 4 7 12 36 66
100 4 8 17 31 66
100 2 7 10 21 60
100 2 7 13 26 69
100 3 10 20 37 65
100 3 11 23 32 56
100 5 7 18 36 63
100 2 10 11 20 69
100 3 10 20 24 66
100 3 8 16 22 64
100 3 8 10 29 64
100 4 7 8 22 62
100 3 10 14 24 64
100 4 7 13 29 60
100 3 7 10 32 68
100 2 7 17 28 65
100 3 15 17 29 69
100 2 4 17 22 63
100 3 10 18 25 66
100 3 7 15 29 66
100 3 7 17 27 70
100 3 4 14 30 67
100 3 10 17 30 68
100 3 10 17 28 72
100 4 10 20 23 67
100 2 7 18 23 62
100 2 7 15 34 58
100 3 7 11 17 61
100 2 5 12 26 65
100 3 8 13 29 56
100 3 7 14 31 68
100 3 11 14 32 68
100 2 7 10 32 66
100 2 15 20 33 71
100 2 4 13 34 61
100 2 11 17 24 72
100 2 11 14 28 64
100 2 3 17 22 72
100 2 6 8 26 62
100 2 4 10 28 64
100 3 10 19 31 62
100 4 10 16 31 67
100 3 7 16 21 65
100 2 8 13 18 69
100 2 6 17 30 66
100 2 9 11 27 48
100 2 7 15 24 65
100 3 5 13 30 70
100 3 8 13 39 65
100 4 6 9 26 63
100 2 7 9 17 59
100 2 9 21 31 74
100 3 4 16 28 63
100 4 9 12 34 65
100 3 5 14 24 68
100 2 6 20 31 67
100 3 6 16 26 68
100 2 7 10 25 68
100 3 7 11 14 66
100 3 4 14 33 73
100 3 7 21 33 66
100 2 12 17 29 71
100 2 8 14 36 67
100 2 8 18 32 67
100 2 5 20 30 64
100 3 8 18 29 63
100 2 9 14 35 67
100 4 11 15 23 70
100 3 12 18 21 65
100 2 8 17 28 65
100 2 5 11 29 74
100 2 7 17 24 61
100 2 9 23 33 64
100 2 9 16 32 71
100 2 5 14 28 63
100 3 6 9 32 70
100 3 9 19 27 60
100 2 8 13 26 64
100 2 10 17 32 65
100 3 7 16 24 63
100 2 9 17 34 70
100 3 8 14 37 66
100 2 8 13 32 64
100 2 4 14 23 69
100 2 6 16 27 71
100 3 8 18 34 50
100 3 10 13 28 61
100 3 9 23 33 70
100 3 11 19 21 72
100 3 11 16 23 60
100 2 6 14 27 65
100 3 5 15 28 55
100 3 6 14 34 62
100 3 7 11 35 66
100 3 8 18 27 59
100 3 7 13 31 65
100 2 4 13 28 55
100 2 5 19 30 62
100 3 4 7 20 69
100 3 9 11 38 66
100 3 7 15 24 65
100 3 11 13 21 61
100 3 6 20 27 70
100 3 7 17 22 65
100 2 10 19 31 70
100 2 7 9 21 67
100 3 7 21 34 73
100 4 5 15 28 64
100 2 6 14 30 71
100 2 9 11 26 59
100 3 4 8 27 64
100 3 9 12 31 66
100 3 4 14 21 50
100 2 7 13 30 74
100 3 7 11 23 61
100 2 5 19 28 72
100 2 7 10 26 60
100 2 3 19 23 66
100 2 11 19 21 70
100 3 6 12 24 65
100 2 5 24 36 73
100 3 6 16 32 63
100 2 8 15 23 68
100 4 7 9 30 69
100 2 6 20 37 68
100 2 9 14 39 58
100 2 3 17 30 66
100 2 8 18 23 74
100 3 6 12 32 69
100 4 6 8 27 64
100 3 7 17 26 68
100 2 7 11 14 65
100 2 6 21 29 48
100 2 5 14 29 68
100 2 5 17 34 73
100 4 9 11 32 65
100 3 6 9 30 56
100 3 8 22 35 71
100 2 6 14 30 67
100 5 7 12 24 62
100 3 9 20 26 64
100 2 6 18 35 64
100 3 6 13 25 71
100 2 5 13 24 67
100 2 8 12 31 67
100 2 5 8 30 72
100 2 4 16 27 61
100 2 6 13 27 65
100 2 6 17 21 71
100 4 8 20 24 69
100 3 5 19 25 63
100 2 7 17 25 58
100 2 7 17 23 70
100 4 9 16 22 69
100 2 6 14 28 56
100 2 5 14 41 58
100 2 3 10 21 65
100 2 3 15 29 71
100 3 8 12 32 67
100 2 9 19 39 63
100 2 3 9 28 69
100 2 5 9 35 72
100 2 5 14 33 67
100 2 8 13 33 69
100 2 9 23 36 70
100 2 9 19 25 67
100 2 10 15 26 61
100 2 6 14 25 66
100 2 6 18 35 59
100 4 6 7 27 70
100 3 4 11 13 61
100 2 8 14 18 60
100 3 4 18 34 68
100 3 5 16 27 60
100 3 6 13 23 73
100 3 7 11 27 62
100 2 7 15 31 64
100 2 6 9 22 65
100 4 7 19 30 58
100 2 10 19 31 65
100 2 6 17 24 67
100 3 8 17 20 65
100 3 8 18 28 67
100 3 9 15 26 62
100 3 10 20 38 65
100 2 4 11 19 71
100 2 8 13 31 64
100 3 9 10 27 62
100 2 8 17 28 67
100 2 7 17 25 63
100 3 7 12 24 71
100 3 6 18 25 70
100 2 6 17 21 70
100 3 6 12 32 63
100 2 13 17 28 73
100 2 7 11 13 67
100 3 7 17 26 61
100 3 6 12 39 72
100 3 6 14 25 66
100 3 7 14 35 55
100 3 6 22 31 68
100 2 4 10 35 72
100 2 3 18 29 70
100 2 6 11 15 70
100 2 6 7 41 62
100 4 11 13 35 72
100 4 11 19 33 54
100 3 9 19 32 51
100 3 10 12 24 68
100 2 11 19 33 66
100 2 9 15 30 65
100 3 8 9 10 62
100 3 6 14 31 67
100 3 7 16 21 63
100 3 8 10 26 67
100 2 11 17 30 68
100 2 9 12 17 64
100 2 9 17 33 70
100 2 3 19 30 69
100 3 5 15 28 67
100 3 6 10 25 67
100 2 6 8 25 61
100 2 7 10 14 54
100 2 5 17 25 64
100 2 6 15 19 64
100 3 5 14 18 57
100 3 7 16 32 68
100 2 7 20 26 63
100 2 5 22 28 68
100 3 7 13 19 51
100 3 5 21 28 73
100 3 6 19 30 65
100 2 10 13 27 68
100 2 7 12 28 70
100 2 3 16 33 60
100 2 7 11 33 62
100 3 6 12 32 72
100 2 4 13 34 72
100 2 9 15 33 64
100 2 8 15 27 66
100 2 9 12 18 60
100 5 10 22 35 67
100 3 4 10 20 69
100 2 8 21 28 67
100 4 9 15 33 68
100 3 6 14 25 73
100 3 7 11 29 67
100 4 8 19 34 69
100 3 11 22 32 70
100 3 8 21 30 65
100 2 12 16 25 67
100 4 6 15 27 70
100 3 6 11 27 69
100 3 6 15 28 62
100 3 10 21 35 69
100 2 8 18 29 74
100 2 7 12 23 69
100 2 5 14 29 62
100 3 8 23 36 66
100 2 6 17 33 63
100 2 9 15 29 69
100 3 9 18 41 67
100 2 7 8 24 64
100 2 8 13 16 61
100 3 7 13 33 69
100 2 9 11 22 57
100 3 6 17 22 65
100 3 11 23 31 67
100 2 11 22 39 66
100 3 10 19 35 71
100 3 11 19 30 61
100 3 7 15 29 59
100 3 8 14 18 59
100 2 8 20 29 60
100 2 8 23 26 67
100 2 9 12 36 69
100 4 11 16 25 61
100 4 9 15 28 69
100 2 9 11 27 60
100 4 10 19 22 71
100 2 5 14 27 68
100 2 8 11 29 70
100 2 3 6 19 68
100 3 6 8 21 64
100 2 3 15 32 71
100 2 7 18 34 61
100 3 4 11 34 61
100 3 7 12 28 68
100 2 5 10 31 56
100 4 10 17 33 64
100 3 10 20 22 62
100 2 10 11 29 67
100 3 9 22 35 65
100 2 4 10 22 69
100 2 4 15 24 64
100 5 7 16 33 69
100 4 8 14 30 67
100 3 12 23 37 71
100 3 6 8 19 65
100 3 7 11 13 64
100 3 8 13 38 58
100 2 6 20 28 57
100 2 6 11 22 65
100 3 7 21 30 64
100 2 7 11 17 76
100 2 5 8 22 68
100 2 6 10 22 66
100 3 6 16 23 71
100 3 8 17 20 58
100 3 7 20 34 70
100 3 8 12 27 65
100 2 5 13 33 67
100 4 8 13 37 66
100 2 10 16 31 66
100 2 6 20 27 72
100 2 5 20 39 71
100 3 9 12 25 66
100 2 9 13 29 71
100 2 10 13 33 64
100 2 6 13 36 71
100 3 4 17 31 64
100 3 8 12 40 74
100 2 6 21 27 64
100 2 9 20 28 75
100 2 7 14 32 69
100 2 5 12 27 66
100 2 5 13 24 66
100 2 3 14 31 71
100 2 10 13 27 59
100 3 4 10 31 67
100 2 9 11 28 59
100 2 5 13 24 70
100 2 6 12 23 70
100 4 9 11 31 71
100 3 8 17 29 73
100 5 7 14 28 71
100 3 6 12 20 73
100 3 8 9 25 64
100 2 6 11 32 71
100 4 11 14 30 58
100 2 5 17 24 72
100 2 6 17 35 59
100 2 4 8 30 62
100 3 9 13 33 67
100 2 7 19 33 65
100 2 7 14 25 67
100 3 8 12 20 67
100 3 10 13 24 69
100 4 7 18 25 43
100 2 7 13 22 55
100 3 6 15 31 65
100 2 5 7 28 62
100 3 7 23 31 70
100 2 7 10 25 66
100 2 6 16 25 63
100 2 5 8 11 70
100 2 5 14 21 63
100 2 7 15 28 67
100 3 4 11 26 68
100 2 5 23 30 71
100 2 4 22 27 68
100 3 9 16 33 66
100 2 6 16 29 70
100 3 8 12 20 63
100 3 9 12 26 60
100 3 7 11 26 66
100 2 5 16 23 57
100 2 4 22 34 60
100 4 9 16 38 67
100 3 7 12 27 66
100 2 11 15 19 65
100 2 8 17 26 67
100 2 6 13 15 67
100 2 5 10 30 66
100 3 9 17 31 62
100 2 9 16 26 70
100 2 6 18 31 70
100 2 7 16 31 68
100 3 6 11 21 68
100 3 7 13 27 74
100 3 9 11 33 58
100 3 8 15 25 70
100 3 5 14 26 73
100 4 10 11 27 66
100 3 10 16 34 66
100 2 9 14 32 63
100 3 5 10 35 67
100 4 8 14 23 66
100 2 7 16 22 71
100 4 7 10 22 74
100 3 12 15 39 70
100 4 7 16 23 73
100 2 6 17 34 74
100 2 6 16 33 72
100 2 9 20 35 72
100 2 7 18 25 68
100 3 9 17 20 68
100 2 6 8 26 64
100 2 7 17 29 67
100 3 5 18 27 65
100 2 5 21 33 71
100 3 7 17 27 67
100 3 7 20 23 70
100 2 6 7 27 68
100 4 8 18 21 56
100 2 7 15 28 74
100 4 11 18 37 70
100 5 8 13 35 65
100 2 6 11 18 70
100 3 7 18 24 68
100 4 6 13 18 68
100 2 7 13 17 60
100 3 8 12 29 66
100 3 9 18 28 63
100 3 9 18 26 67
100 2 3 22 28 57
100 2 11 22 32 60
100 2 9 17 30 67
100 3 7 13 32 58
100 2 8 20 28 63
100 2 7 19 30 69
100 2 10 13 23 64
100 3 8 17 19 73
100 2 9 17 28 65
100 3 6 13 33 71
100 3 8 20 30 68
100 4 7 19 40 62
100 2 6 15 21 69
100 4 12 22 34 72
100 5 8 17 20 68
100 2 6 11 17 62
100 3 5 11 30 69
100 3 5 16 31 67
100 2 10 14 32 65
100 2 8 14 29 69
100 4 12 15 33 64
100 2 9 13 17 70
100 2 5 13 18 73
100 3 10 16 23 64
100 2 4 14 23 55
100 3 7 14 32 71
100 3 11 15 35 64
100 2 4 14 30 69
100 3 4 8 23 66
100 4 7 18 20 70
100 2 10 17 28 70
100 3 10 15 18 70
100 3 9 10 36 69
100 2 5 14 28 59
100 2 7 19 33 65
100 4 7 20 31 65
100 4 5 14 29 74
100 3 8 17 24 59
100 2 8 17 26 63
100 2 10 17 22 70
100 3 6 17 31 68
100 2 11 18 28 67
100 2 6 22 39 65
100 2 9 16 28 60
100 2 7 18 31 68
100 2 6 11 29 65
100 4 8 13 25 64
100 3 7 14 37 66
100 3 5 14 31 70
100 3 8 9 17 69
100 2 3 21 29 71
100 3 11 13 28 74
100 2 5 23 36 68
100 2 9 11 24 61
100 4 7 15 25 68
100 3 10 17 34 73
100 3 7 10 28 67
100 2 3 10 35 70
100 2 6 18 40 71
100 3 8 14 20 63
100 3 7 11 28 69
100 4 10 19 33 71
100 2 10 11 31 61
100 2 5 9 21 66
100 3 4 10 25 61
100 3 6 12 30 65
100 2 10 16 30 68
100 3 8 20 26 61
100 3 7 16 33 73
100 3 8 23 30 68
100 3 7 17 34 67
100 3 6 17 34 71
100 2 8 18 33 69
100 2 3 13 29 65
100 2 8 15 26 66
100 4 8 21 36 67
100 4 11 14 35 66
100 3 10 15 19 65
100 3 9 19 39 68
100 3 6 12 32 59
100 2 10 21 31 69
100 2 6 17 23 62
100 3 5 15 33 65
100 3 8 17 23 58
100 3 4 16 31 71
100 2 7 14 33 61
100 4 8 9 18 65
100 2 5 22 29 55
100 4 9 11 36 72
10 4 17 36 42 79
10 3 22 35 45 75
10 8 18 35 43 68
10 9 12 33 46 77
10 6 19 34 40 73
10 8 18 32 51 77
10 7 14 24 33 76
10 6 14 22 52 76
10 6 15 29 42 77
10 6 16 23 27 80
10 3 10 12 30 58
10 7 10 24 45 76
10 6 11 24 35 60
10 7 22 30 38 76
10 5 7 15 47 82
10 6 15 20 30 74
10 11 19 30 35 77
10 6 18 25 37 70
10 6 7 15 54 70
10 11 15 30 43 79
10 6 7 20 49 69
10 7 9 20 31 79
10 3 13 33 50 77
10 4 13 30 42 70
10 4 12 21 31 81
10 3 10 34 54 73
10 4 14 31 44 75
10 3 7 22 53 71
10 8 13 23 42 77
10 5 21 46 49 84
10 6 7 11 43 80
10 10 25 42 57 80
10 6 12 29 41 63
10 8 25 35 54 70
10 4 5 17 26 69
10 7 9 30 54 74
10 10 13 34 43 80
10 10 16 23 38 79
10 4 7 19 25 82
10 5 9 18 43 77
10 5 7 21 42 73
10 6 15 21 40 76
10 2 8 32 39 82
10 6 15 16 38 75
10 5 8 19 61 73
10 7 12 36 41 72
10 6 12 23 43 68
10 7 19 25 48 75
10 6 16 27 46 73
10 12 15 26 27 75
10 5 22 23 47 74
10 3 10 19 45 73
10 6 16 37 49 71
10 6 14 27 56 82
10 3 16 30 32 73
10 5 6 30 52 74
10 7 13 22 45 75
10 3 12 16 22 79
10 3 11 24 46 67
10 3 17 30 47 73
10 4 11 17 42 77
10 10 13 31 39 77
10 2 11 27 50 80
10 13 18 37 45 76
10 5 31 35 40 81
10 4 10 13 51 73
10 7 15 23 32 68
10 5 12 24 40 75
10 8 9 34 43 71
10 3 16 27 51 73
10 6 21 32 37 71
10 3 10 12 33 79
10 3 11 16 46 83
10 5 17 26 38 78
10 6 12 28 53 81
10 3 8 13 33 81
10 2 4 28 58 81
10 10 16 34 45 81
10 4 13 27 30 79
10 2 10 19 42 69
10 5 6 17 35 67
10 2 4 28 40 75
10 3 6 18 39 79
10 6 25 43 50 83
10 5 12 27 30 71
10 10 17 35 58 76
10 9 23 34 47 72
10 5 8 18 57 72
10 5 8 23 36 75
10 8 13 28 48 78
10 10 11 19 36 76
10 4 12 22 34 79
10 4 7 22 36 80
10 7 14 23 32 78
10 3 6 8 14 78
10 11 16 41 49 78
10 5 7 12 39 73
10 7 11 31 44 71
10 6 15 23 33 69
10 6 9 20 30 71
20 2 13 21 30 74
20 4 20 27 43 69
20 3 11 24 36 77
20 6 12 13 40 73
20 9 16 22 31 72
20 5 14 30 42 73
20 6 8 27 40 73
20 3 7 9 43 80
20 3 18 33 40 71
20 5 10 25 29 75
20 4 9 26 38 73
20 3 16 26 37 74
20 6 15 26 37 74
20 3 9 18 38 71
20 7 11 32 39 82
20 4 10 18 31 76
20 4 6 28 45 75
20 2 15 20 36 77
20 9 18 25 57 78
20 3 13 15 31 76
20 2 24 28 43 74
20 5 13 23 42 71
20 4 17 28 42 78
20 5 13 24 40 79
20 5 15 21 33 77
20 3 7 24 28 70
20 6 15 29 35 74
20 6 12 17 39 72
20 3 16 28 47 75
20 7 11 28 52 74
20 4 7 15 44 75
20 7 21 32 43 73
20 3 7 16 37 79
20 5 15 23 40 70
20 6 13 16 32 72
20 2 10 20 41 70
20 3 4 16 36 68
20 3 11 17 36 71
20 6 8 19 28 67
20 4 10 16 42 76
20 5 14 21 28 71
20 3 10 17 27 73
20 2 13 27 38 75
20 3 12 16 32 78
20 5 8 19 26 65
20 2 18 24 27 75
20 6 17 25 28 65
20 2 8 17 47 72
20 2 8 18 39 71
20 5 15 24 38 73
20 5 11 18 26 79
20 3 8 21 26 74
20 10 17 28 46 70
20 2 10 24 42 74
20 4 14 21 38 74
20 2 12 20 40 68
20 4 19 39 55 76
20 3 14 24 43 77
20 3 7 31 40 77
20 5 16 27 47 77
20 2 7 27 45 70
20 4 11 15 39 63
20 5 8 17 37 60
20 5 14 20 27 70
20 2 4 14 31 77
20 2 12 32 50 70
20 7 19 21 36 78
20 4 9 19 31 49
20 4 10 20 52 68
20 3 8 21 32 69
20 6 10 16 37 68
20 5 15 27 29 69
20 4 6 12 44 73
20 6 7 21 36 69
20 5 10 25 45 80
20 3 16 23 39 69
20 2 15 23 44 73
20 4 8 29 36 76
20 6 14 25 30 77
20 4 10 14 40 67
20 2 15 27 42 76
20 4 16 19 38 76
20 3 10 27 43 75
20 5 10 26 33 77
20 5 14 24 44 74
20 2 10 26 34 74
20 4 5 12 14 83
20 8 17 26 42 75
20 5 9 24 30 70
20 4 15 30 38 71
20 5 11 19 40 72
20 2 3 16 47 81
20 2 3 22 39 67
20 3 18 21 31 81
20 4 7 19 38 75
20 2 13 20 43 79
20 5 8 18 50 74
20 3 7 25 29 73
20 5 12 24 39 73
20 6 13 24 32 82
20 5 11 28 48 80
20 3 11 23 42 62
20 3 11 26 47 70
20 5 8 20 45 72
20 2 11 16 33 76
20 6 10 22 55 80
20 6 7 25 47 71
20 5 10 19 44 77
20 5 9 24 53 79
20 2 3 22 31 73
20 4 11 30 35 69
20 3 10 20 25 79
20 3 16 20 45 71
20 3 13 27 34 76
20 5 6 25 45 71
20 5 15 16 33 76
20 3 6 7 43 75
20 5 7 25 49 62
20 6 18 22 38 70
20 3 6 14 36 75
20 3 13 23 42 71
20 4 13 21 35 70
20 5 8 28 40 63
20 7 15 25 52 67
20 5 15 29 41 76
20 4 15 17 27 74
20 2 16 18 45 73
20 3 4 30 37 79
20 5 12 14 28 67
20 6 11 13 40 75
20 5 9 18 49 72
20 3 11 20 31 68
20 3 9 34 37 76
20 3 9 15 29 78
20 4 14 21 47 72
20 4 9 22 25 73
20 3 8 20 35 66
20 4 11 20 39 68
20 4 15 33 40 68
20 7 17 31 48 68
20 3 15 21 39 72
20 4 10 22 45 73
20 6 10 19 35 75
20 3 18 24 43 63
20 4 11 25 32 69
20 3 6 8 37 76
20 4 13 14 25 73
20 7 17 24 36 74
20 4 9 21 44 75
20 3 5 17 28 74
20 3 9 18 33 58
20 3 13 19 32 74
20 7 9 25 33 76
20 5 12 34 43 75
20 6 11 23 43 69
20 2 13 21 49 71
20 3 15 23 34 64
20 2 24 40 45 73
20 5 9 23 41 72
20 3 13 19 39 70
20 6 12 17 35 73
20 3 11 20 43 70
20 6 14 22 38 76
20 4 7 27 39 68
20 3 13 22 23 75
20 4 16 18 33 76
20 5 10 26 32 74
20 5 11 21 31 77
20 7 14 19 35 81
20 4 13 15 33 74
20 4 11 22 38 81
20 4 8 28 41 75
20 4 10 22 32 61
20 4 10 13 31 68
20 9 15 23 31 69
20 4 5 16 24 61
20 6 11 29 32 82
20 7 15 16 33 71
20 6 13 22 32 70
20 2 9 23 32 68
20 2 15 26 33 70
20 5 14 16 36 77
20 5 13 28 47 77
20 3 14 29 45 71
20 5 10 18 40 72
20 2 12 29 43 75
20 4 17 20 43 80
20 4 8 20 32 78
20 4 11 24 43 80
20 4 9 23 29 67
20 3 15 22 42 79
20 6 18 24 32 77
20 5 14 22 40 77
20 6 8 17 42 78
20 3 13 21 42 60
20 4 11 18 27 72
20 2 14 28 44 73
20 3 12 26 28 58
20 2 10 22 25 65
20 3 11 13 32 62
20 5 16 20 43 72
20 3 6 17 41 76
20 5 14 26 48 71
20 4 15 30 45 77
20 4 15 21 34 79
20 5 10 28 36 62
20 3 7 23 33 77
20 6 19 26 42 61
20 5 13 24 35 76
20 4 12 22 41 61
20 3 5 15 40 69
20 4 10 26 48 74
20 6 12 23 35 77
20 2 8 26 38 68
20 5 8 20 29 75
20 3 14 27 38 74
20 3 14 17 30 75
20 3 7 29 31 74
20 5 7 31 47 70
20 4 14 15 33 67
20 5 19 31 40 75
20 11 16 27 39 66
20 8 14 30 40 75
20 3 14 19 35 73
20 7 10 17 47 77
20 2 7 10 30 67
20 4 8 24 50 75
20 3 16 17 29 77
20 5 10 17 51 69
20 4 7 24 37 66
20 3 7 24 43 71
20 7 14 21 38 75
20 4 13 25 36 73
20 4 13 14 27 78
20 5 11 14 42 69
20 2 7 13 25 76
20 6 17 26 41 71
20 2 12 22 35 75
20 5 14 19 33 81
20 2 7 18 26 71
20 2 14 25 32 70
20 4 6 29 44 74
20 4 7 21 42 73
20 4 5 17 36 73
20 7 13 19 46 76
20 5 9 27 38 75
20 3 10 25 43 76
20 5 9 23 40 72
20 5 17 32 42 75
20 6 12 25 39 76
60 2 11 23 30 66
60 4 9 15 27 70
60 3 11 22 27 73
60 2 6 12 34 66
60 3 7 16 19 68
60 4 9 18 39 72
60 4 10 17 21 67
60 2 4 17 32 73
60 3 10 13 24 71
60 3 10 20 37 75
60 2 7 13 27 74
60 3 8 9 44 68
60 3 6 24 40 67
60 3 6 15 31 67
60 4 7 24 35 75
60 3 9 19 37 73
60 3 9 13 23 69
60 4 9 14 28 66
60 5 12 23 36 74
60 3 4 14 28 61
60 2 4 16 18 70
60 2 7 11 22 65
60 3 10 12 32 64
60 3 7 23 34 66
60 4 10 20 29 69
60 4 9 20 39 71
60 2 11 18 34 64
60 2 8 17 32 71
60 3 7 16 28 65
60 3 7 13 33 72
60 3 5 14 21 65
60 4 10 22 25 66
60 2 7 16 34 73
60 3 6 20 36 69
60 4 5 19 26 65
60 4 11 16 32 50
60 2 11 18 44 69
60 3 5 20 37 71
60 2 10 20 34 66
60 3 13 18 38 64
60 3 11 17 30 70
60 2 12 20 34 56
60 2 12 15 32 59
60 2 6 15 43 73
60 2 5 22 33 64
60 2 13 17 32 61
60 4 9 18 40 79
60 2 9 20 33 70
60 3 9 16 25 66
60 3 7 12 29 71
60 4 10 19 35 67
60 2 12 23 26 68
60 3 7 18 42 72
60 4 5 16 29 70
60 2 7 17 32 74
60 2 8 20 28 54
60 3 5 16 36 70
60 3 9 17 25 63
60 4 7 19 31 66
60 3 6 22 29 71
60 3 4 16 36 62
60 3 9 20 26 68
60 3 7 9 31 66
60 5 11 25 28 61
60 4 6 20 33 67
60 2 9 23 39 62
60 3 11 19 42 66
60 3 6 9 34 71
60 2 10 13 31 64
60 3 5 18 34 73
60 2 6 7 29 67
60 3 11 16 37 70
60 2 9 13 24 75
60 2 9 17 34 72
60 2 7 11 25 70
60 2 9 14 30 74
60 4 6 14 19 68
60 2 6 8 22 63
60 3 11 17 37 68
60 2 12 22 36 73
60 2 6 21 31 67
60 2 6 22 34 73
60 4 5 13 26 74
60 2 8 13 21 68
60 2 8 18 31 73
60 2 4 8 28 66
60 3 9 16 34 66
60 3 12 20 30 69
60 3 6 19 35 71
60 4 5 18 30 71
60 3 6 21 44 74
60 2 15 18 29 62
60 3 8 14 35 58
60 2 7 13 37 60
60 2 9 20 31 72
60 4 11 18 41 74
60 2 7 12 38 58
60 2 12 25 37 70
60 2 9 21 34 60
60 3 7 20 38 65
60 3 10 14 28 67
60 4 11 21 41 75
60 3 9 22 32 61
60 2 9 10 35 59
60 4 11 21 32 65
60 2 5 19 24 61
60 4 9 11 29 66
60 4 11 22 24 60
60 3 8 15 27 72
60 2 7 10 21 66
60 2 6 18 31 68
60 3 9 18 23 68
60 2 10 11 33 67
60 2 6 23 40 59
60 2 4 24 32 72
60 3 6 15 36 70
60 4 12 22 33 68
60 2 11 15 42 69
60 4 7 20 34 67
60 4 12 17 36 58
60 6 7 15 28 66
60 4 5 17 24 64
60 4 6 8 38 69
60 4 11 22 37 72
60 3 14 25 37 66
60 3 7 19 36 68
60 3 11 13 21 64
60 4 8 19 24 69
60 3 5 20 35 69
60 3 9 18 31 65
60 3 9 18 31 73
60 3 8 18 27 71
60 3 8 19 34 71
60 2 7 16 34 69
60 3 13 20 36 76
60 4 5 13 19 69
60 3 8 20 42 66
60 4 8 22 26 66
60 3 7 19 29 69
60 4 5 15 36 63
60 3 12 21 31 72
60 3 6 11 28 62
60 3 7 9 26 74
60 3 4 14 37 58
60 2 9 11 34 67
60 2 11 21 27 66
60 4 15 25 38 66
60 3 9 16 21 69
60 2 7 28 42 71
60 2 8 12 33 69
60 2 7 19 28 69
60 2 7 8 27 71
60 3 8 9 11 70
60 4 8 14 29 57
60 3 8 19 27 73
60 2 5 23 35 67
60 3 9 18 19 67
60 2 5 17 31 71
20 3 5 13 39 77
20 5 12 18 39 77
20 6 12 35 40 69
20 6 16 28 44 78
20 3 13 25 40 69
20 3 6 17 23 69
20 4 13 24 39 69
20 5 18 27 49 77
20 8 11 15 42 78
20 3 11 16 23 78
20 3 13 17 44 69
20 5 11 18 42 75
20 2 18 22 43 67
20 5 10 15 31 68
20 4 11 20 36 79
20 3 9 29 43 67
20 6 9 13 33 60
20 2 13 31 41 74
20 5 12 31 33 74
20 3 7 12 37 77
20 2 8 19 26 56
20 9 16 26 47 68
20 5 20 29 47 79
20 5 13 24 38 62
20 6 9 27 40 79
20 3 15 25 36 67
20 5 7 27 50 76
20 2 15 18 44 74
20 2 9 18 48 70
20 4 13 26 30 78
20 5 8 25 31 81
20 6 14 25 44 71
20 11 19 22 40 81
20 2 13 26 38 69
20 4 15 25 28 82
20 9 17 31 50 76
20 3 10 26 34 68
20 3 4 24 43 76
20 4 6 22 35 75
20 4 11 19 41 64
20 10 19 29 32 77
20 5 11 17 28 67
20 6 12 23 31 75
20 3 9 20 36 74
20 4 6 25 44 72
20 5 14 18 31 68
20 5 8 24 44 77
20 4 7 13 29 67
20 5 12 27 34 75
20 3 9 20 35 71
20 3 6 7 16 69
20 2 14 16 39 77
20 4 13 22 42 74
20 4 11 16 24 74
20 5 10 27 48 70
20 4 11 19 27 76
20 3 10 25 35 66
20 7 10 11 45 73
20 6 11 25 48 72
20 2 7 28 38 68
20 3 10 26 38 69
20 4 7 19 38 71
20 3 11 16 50 70
20 3 12 20 31 70
20 3 14 22 34 59
20 5 17 22 46 70
20 7 13 25 47 76
20 3 17 21 30 76
20 6 10 21 37 64
20 3 11 13 45 70
20 5 16 28 47 74
20 2 13 26 37 76
20 2 7 21 43 67
20 3 17 25 46 78
20 3 11 12 38 64
20 2 12 25 44 79
20 5 13 30 32 69
20 8 9 16 22 68
20 4 10 11 26 70
20 5 7 13 33 70
20 2 6 21 34 48
20 3 10 17 33 58
20 3 8 11 51 76
20 3 9 22 31 68
20 4 18 28 38 70
20 8 14 21 40 72
20 4 15 25 29 64
20 7 23 32 44 76
20 3 9 24 30 77
20 3 10 29 46 77
20 4 15 26 37 72
20 5 14 17 32 83
20 2 12 29 36 77
20 2 7 33 48 79
20 4 11 24 35 76
20 4 9 19 25 76
20 5 9 17 37 75
20 3 14 24 42 77
20 6 7 20 44 72
20 4 9 21 32 74
30 2 7 19 45 73
30 5 12 18 37 73
30 2 3 15 40 62
30 6 13 20 38 75
30 3 18 30 48 71
30 5 9 23 34 74
30 3 12 18 26 73
30 6 10 21 30 79
30 4 10 21 26 68
30 3 7 31 47 67
30 3 5 17 47 66
30 4 8 22 39 76
30 7 9 21 28 73
30 3 6 10 39 72
30 2 9 24 41 66
30 4 7 26 42 75
30 4 11 18 31 76
30 3 9 13 54 74
30 3 4 15 38 76
30 4 11 18 37 78
30 4 13 24 43 63
30 3 7 15 38 67
30 5 7 18 35 72
30 2 8 19 43 63
30 4 9 15 45 71
30 5 10 19 46 77
30 4 13 20 39 68
30 5 10 22 37 72
30 3 12 17 43 70
30 2 7 16 28 72
30 2 6 13 15 63
30 7 14 24 30 78
30 4 10 19 25 73
30 7 15 18 33 75
30 2 17 25 46 76
30 5 14 23 36 78
30 3 10 17 32 69
30 5 8 19 40 69
30 7 10 26 45 73
30 2 3 13 46 77
30 2 10 15 37 63
30 2 4 18 34 71
30 2 13 24 30 75
30 4 8 19 47 61
30 2 6 13 25 74
30 4 9 22 37 62
30 2 8 15 20 75
30 5 21 29 43 58
30 3 9 20 29 75
30 3 6 13 17 67
30 3 13 25 38 65
30 5 13 19 43 77
30 2 6 12 20 77
30 2 10 12 42 76
30 6 10 12 26 76
30 3 5 17 39 73
30 3 4 24 40 64
30 7 10 23 34 68
30 5 7 19 30 75
30 2 10 17 42 65
30 2 14 33 38 69
30 3 9 18 42 68
30 7 13 15 38 72
30 2 13 24 32 72
30 3 10 13 43 72
30 5 7 10 17 63
30 3 10 19 38 64
30 7 10 27 44 74
30 4 11 29 33 69
30 5 8 15 43 72
30 5 8 14 34 66
30 3 10 17 29 80
30 2 8 10 28 63
30 3 13 20 34 74
30 6 14 22 36 70
30 5 10 17 32 75
30 4 10 15 37 67
30 4 10 28 46 79
30 2 9 28 32 68
30 2 7 20 32 74
30 2 6 22 39 67
30 3 5 14 23 71
30 2 7 9 31 66
30 2 11 29 43 67
30 5 17 27 39 73
30 2 18 28 51 75
30 2 11 21 36 63
30 3 13 26 42 67
30 6 14 16 40 71
30 2 10 21 32 70
30 4 14 17 30 78
30 6 7 20 28 67
30 5 9 16 28 72
30 2 15 27 43 71
30 2 9 20 44 62
30 5 12 30 43 76
30 3 16 19 39 66
30 4 9 19 34 71
30 6 9 21 38 76
30 7 15 25 32 74
30 5 7 17 19 75
30 3 8 15 32 72
30 2 8 26 29 68
30 3 10 19 24 63
30 4 15 30 39 74
30 4 10 15 32 76
30 5 10 24 37 69
30 2 9 22 39 71
30 6 7 27 45 81
30 3 8 11 14 69
30 5 9 20 32 65
30 5 8 13 21 72
30 3 12 17 39 63
30 2 6 12 39 75
30 4 8 24 46 78
30 2 7 20 38 78
30 2 7 13 36 68
30 2 4 9 47 67
30 6 12 20 52 74
30 4 10 19 33 74
30 5 10 11 28 76
30 4 12 23 33 57
30 2 3 30 44 56
30 4 14 18 41 68
30 5 6 23 35 74
30 5 12 20 30 71
30 5 12 20 29 76
30 3 12 20 46 67
30 5 15 16 35 65
30 6 12 21 37 73
30 3 11 25 36 71
30 3 8 12 27 73
30 4 10 27 29 74
30 4 11 31 41 64
30 2 7 29 35 75
30 2 10 19 20 72
30 5 13 22 36 69
30 2 8 21 34 71
30 3 14 21 40 66
30 4 5 24 32 73
30 5 11 23 39 71
30 3 6 18 34 78
30 6 9 22 30 68
30 2 4 12 36 69
30 3 15 21 38 73
30 3 5 6 7 70
30 4 11 14 24 70
30 5 13 21 43 63
30 4 7 18 30 67
30 2 5 17 25 68
30 3 13 25 40 71
30 3 9 21 45 68
30 3 10 16 34 71
30 2 8 25 44 72
30 4 10 24 29 70
30 2 8 22 45 72
30 3 7 13 16 60
30 3 9 19 30 70
30 3 7 17 29 72
30 2 7 16 30 76
30 5 7 20 39 61
30 4 9 21 33 66
30 4 10 18 39 74
30 4 9 20 44 61
30 5 7 15 30 70
30 4 8 21 27 76
30 5 15 18 36 69
30 4 11 20 35 72
30 3 5 20 40 74
30 3 8 19 35 78
30 4 7 11 25 73
30 4 8 10 43 71
30 4 12 22 40 66
30 5 12 18 34 63
30 3 10 14 32 67
30 5 12 23 35 71
30 3 9 25 33 76
30 3 6 7 40 75
30 3 7 14 21 62
30 5 11 19 43 73
30 4 14 26 34 74
30 4 12 15 45 72
30 6 16 27 37 66
30 4 6 8 27 72
30 5 14 24 35 68
30 3 6 20 43 71
30 2 4 14 15 69
30 6 14 25 40 76
30 7 12 27 35 70
30 3 5 14 36 66
30 2 6 18 41 74
30 4 9 16 31 71
30 5 11 16 23 75
30 4 6 18 35 76
30 4 13 22 44 66
30 6 12 29 41 63
30 2 7 15 44 68
30 2 8 24 32 53
30 4 7 14 29 76
30 4 9 25 43 67
30 3 12 16 40 78
30 5 9 20 36 71
30 7 8 11 17 78
30 2 16 24 33 72
30 2 13 27 42 78
30 2 4 14 33 66
30 2 11 25 41 69
30 5 6 17 27 72
30 4 16 22 40 73
30 3 10 23 33 73
30 4 13 25 37 73
30 3 12 24 40 78
30 2 3 5 34 72
30 3 10 31 35 76
30 5 9 19 29 77
30 5 9 16 28 75
30 3 18 19 32 71
30 2 8 19 25 74
30 3 4 20 25 68
30 2 12 25 28 65
30 2 9 11 39 75
30 3 7 21 35 73
30 3 13 18 31 73
30 3 13 23 36 70
30 4 13 27 41 68
30 2 11 29 37 81
30 3 11 19 35 74
30 3 10 28 38 62
30 5 11 21 33 76
30 3 7 29 34 59
30 2 10 23 35 63
30 3 12 19 24 71
30 5 9 19 21 73
30 3 10 13 39 75
30 3 7 20 29 69
30 2 5 22 47 74
30 4 11 30 39 70
30 4 10 20 21 66
30 2 9 20 30 66
30 5 15 20 40 72
30 3 12 19 31 72
30 4 11 14 45 72
30 3 18 30 39 70
30 3 9 28 42 73
30 2 9 16 46 70
30 3 16 20 32 62
30 4 8 17 41 68
30 3 14 19 46 78
30 3 12 21 29 67
30 4 12 28 34 72
30 4 13 14 22 68
30 5 9 18 44 78
30 2 12 23 25 68
30 6 11 28 34 72
30 6 13 25 34 75
30 5 12 25 36 65
30 3 10 17 32 67
30 4 14 29 36 72
30 4 6 14 33 79
30 5 8 23 43 70
30 3 7 27 41 70
30 5 11 16 39 69
30 3 10 19 50 70
30 3 14 18 26 75
30 5 8 25 41 70
30 5 8 20 29 72
30 2 9 15 39 66
30 3 11 14 35 72
30 4 10 24 40 73
30 6 10 21 38 76
30 5 10 23 26 76
30 3 7 19 36 72
30 3 9 16 26 74
30 5 11 23 46 72
30 4 12 13 39 72
30 2 17 30 42 64
30 3 7 16 34 70
30 4 6 24 34 65
30 6 7 10 13 74
30 3 13 27 40 72
30 3 14 21 33 71
30 3 10 27 35 72
30 3 10 18 37 66
30 4 13 19 36 60
30 3 16 22 40 71
30 7 12 18 28 73
30 3 9 19 36 78
30 3 9 15 40 63
30 4 5 21 28 75
30 2 7 15 36 70
30 4 16 34 45 72
30 4 8 20 30 75
30 3 10 21 22 74
30 5 11 14 24 78
30 5 7 14 18 77
30 2 4 10 40 74
30 3 14 30 40 71
30 2 8 24 40 61
30 6 10 18 33 67
30 4 7 18 31 71
30 3 14 17 24 74
30 4 5 11 12 74
30 4 10 15 36 69
30 2 10 28 41 72
30 3 7 18 38 76
30 4 8 9 26 72
30 2 11 20 36 72
30 3 6 9 44 69
30 5 10 16 34 77
30 6 10 18 27 74
30 5 15 22 34 67
30 4 12 19 20 65
30 2 12 29 41 78
30 3 12 21 23 70
30 3 16 19 32 64
30 3 13 29 43 73
30 3 6 25 49 65
30 3 8 28 39 74
30 4 14 15 17 79
30 3 8 23 35 75
30 2 5 9 29 55
30 5 10 17 39 65
30 3 9 25 33 65
30 5 8 16 23 73
30 3 13 18 33 72
30 3 15 17 39 64
30 4 6 28 41 76
30 8 14 18 45 66
30 2 14 23 31 64
30 3 7 11 30 69
30 3 6 23 43 76
30 3 11 14 29 66
30 5 12 16 37 70
30 5 11 29 40 63
30 3 11 27 40 65
30 4 11 22 30 72
30 5 14 25 32 72
30 3 10 14 29 72
30 2 14 19 20 66
30 3 12 16 40 76
30 6 12 24 41 76
30 2 10 29 36 75
30 5 10 27 48 72
30 3 12 19 32 65
30 2 9 17 34 69
30 2 10 22 36 71
30 2 5 17 33 78
30 2 13 15 24 71
30 4 8 15 20 71
30 5 12 16 47 77
30 4 11 25 33 72
30 5 10 20 30 75
30 3 5 8 27 73
30 3 11 29 38 68
30 3 11 27 49 77
30 2 13 19 27 70
30 3 14 16 34 72
30 4 7 23 27 67
30 3 15 25 27 65
30 2 11 12 39 56
30 2 9 10 40 57
30 3 12 20 27 68
30 6 15 23 30 72
30 3 8 22 35 68
30 5 10 20 34 65
30 4 9 24 35 68
30 3 12 13 38 63
30 2 14 21 30 69
30 3 10 22 24 69
30 3 13 22 32 71
30 5 13 17 29 74
30 2 3 19 43 70
30 3 10 29 36 76
30 2 7 20 32 75
30 4 12 24 44 72
30 6 8 9 31 68
30 2 12 21 44 73
30 2 9 18 40 75
30 5 10 22 35 66
30 6 15 18 28 54
30 3 7 19 42 75
30 3 7 10 33 74
30 5 7 24 45 73
30 3 10 20 41 69
30 4 10 24 39 58
30 3 10 20 25 60
30 5 12 19 28 77
30 4 13 25 27 69
30 2 8 14 41 73
30 4 11 18 47 75
30 5 12 18 43 79
30 6 9 16 33 74
30 3 9 14 38 71
30 4 11 23 27 70
30 5 7 26 45 77
30 4 11 20 34 77
30 2 17 19 34 71
30 3 13 17 45 75
30 4 12 25 33 76
30 2 12 21 36 68
30 4 13 23 24 69
30 3 7 21 32 72
30 4 13 19 32 65
30 3 11 19 22 59
30 2 10 28 47 68
30 2 5 11 28 65
30 4 6 13 32 55
30 4 14 18 22 80
30 3 8 14 20 67
30 2 7 24 34 74
30 2 15 22 28 71
30 3 9 13 38 62
30 3 9 18 39 74
30 3 6 18 33 60
30 2 14 24 46 73
30 2 13 17 38 66
30 3 11 25 32 74
30 5 7 23 28 79
30 5 12 24 28 60
30 4 9 17 23 72
30 5 7 10 32 76
30 3 11 23 44 58
30 5 6 17 18 67
30 3 13 24 27 66
30 3 7 23 38 77
30 3 15 26 38 70
30 3 6 29 35 72
30 7 20 28 38 76
30 3 10 26 33 77
30 4 10 24 46 74
30 6 19 20 24 73
30 4 7 23 39 59
30 3 17 30 36 71
30 5 15 26 31 68
30 3 9 35 39 71
30 2 13 22 34 70
30 8 13 17 25 68
30 2 11 26 35 72
30 5 13 17 19 75
30 3 11 23 28 71
30 3 10 26 38 77
30 2 13 23 30 72
30 5 7 16 32 76
30 4 10 22 48 74
30 5 11 26 36 75
30 5 12 19 28 76
30 8 11 17 32 74
30 2 8 19 33 67
30 3 7 10 31 77
30 2 8 22 37 71
30 3 7 10 29 73
30 3 8 15 31 66
30 2 14 26 29 71
30 2 7 8 25 68
30 5 8 23 32 70
30 3 13 20 27 73
30 5 12 16 18 80
30 2 6 25 36 59
30 3 6 14 25 68
30 4 9 12 21 69
30 3 8 20 21 60
30 3 11 18 26 78
30 4 10 21 29 78
30 6 12 20 37 67
30 3 8 17 30 65
30 4 10 22 34 78
30 5 11 17 27 67
30 6 15 21 38 77
30 2 4 27 34 77
30 2 10 24 41 60
30 3 8 13 23 79
30 4 9 26 34 68
30 4 11 22 26 77
30 2 14 26 37 78
30 5 8 29 42 76
30 4 8 11 32 78
30 4 12 24 41 77
30 3 7 19 44 76
30 4 11 28 39 62
30 3 6 11 33 67
30 4 10 32 48 71
30 5 13 14 39 74
30 3 8 17 25 73
30 4 18 29 40 60
30 3 11 13 39 76
30 7 10 26 48 68
30 4 8 18 41 77
30 5 9 27 34 60
30 5 12 16 32 69
30 3 7 21 34 75
30 3 8 17 24 58
30 2 3 6 43 64
30 2 6 12 16 80
30 6 10 15 31 73
30 3 10 20 31 67
30 2 11 28 35 70
30 3 11 29 38 78
30 5 10 14 36 72
30 3 13 23 32 70
30 3 6 12 36 74
2 17 21 39 40 76
2 23 35 46 59 83
2 6 14 47 65 89
2 12 22 26 63 85
2 7 18 30 37 80
2 18 26 59 64 87
2 3 4 45 49 83
2 11 33 55 69 84
2 16 20 34 35 84
2 7 21 44 52 85
2 11 34 42 56 87
2 16 22 45 64 85
2 17 38 44 52 81
2 11 24 34 48 84
2 5 14 16 43 80
2 16 18 24 56 81
2 5 11 63 73 84
2 10 12 38 48 85
2 7 29 41 45 73
2 6 7 17 24 78
2 22 33 40 53 72
2 12 14 25 46 78
2 4 11 36 79 82
2 9 44 49 55 84
2 6 14 32 41 83
2 14 24 61 65 87
2 18 28 39 68 88
2 9 10 28 57 81
2 4 26 30 56 77
2 13 30 51 70 83
2 14 17 50 54 73
2 10 41 49 59 84
2 9 36 54 55 85
2 11 29 39 41 86
2 23 27 40 61 74
2 11 23 48 53 81
2 8 36 52 56 74
2 18 36 55 68 86
2 6 13 23 25 84
2 5 19 22 64 78
2 10 23 44 46 86
2 5 22 42 45 80
2 22 45 48 72 82
2 6 14 56 61 78
2 4 10 39 69 82
2 16 30 47 62 83
2 24 39 45 62 84
2 21 37 50 57 89
2 19 24 33 45 78
2 3 12 28 62 87
2 11 33 47 76 87
2 21 32 36 60 78
2 8 21 31 50 77
2 7 8 42 78 89
2 6 23 40 50 81
2 12 21 25 74 79
2 12 38 59 68 86
2 7 17 40 70 84
2 14 16 28 62 79
2 9 29 34 65 88
2 18 51 56 60 84
2 7 25 49 61 76
2 15 24 25 59 79
2 12 39 44 52 72
2 8 18 35 39 67
2 7 22 46 76 86
2 9 17 41 51 82
2 8 13 19 60 76
2 8 16 23 53 79
2 26 39 47 61 87
2 15 21 23 72 80
2 12 28 41 70 77
2 3 13 41 55 77
2 3 5 33 68 85
2 11 15 27 33 87
2 2 17 33 44 84
2 10 14 40 65 87
2 7 9 27 60 74
2 14 42 58 63 84
2 10 38 52 73 84
2 6 11 48 72 87
2 9 31 54 68 84
2 9 32 50 61 80
2 3 19 34 53 86
2 21 41 44 54 79
2 10 34 40 61 79
2 13 35 50 79 86
2 13 31 37 59 81
2 10 34 45 56 82
2 12 15 29 60 89
2 7 22 28 49 86
2 19 35 47 54 83
2 10 12 30 52 76
2 16 20 28 80 89
2 15 18 35 67 78
2 12 21 48 63 86
2 11 44 55 59 86
2 9 19 41 52 81
2 11 21 48 49 85
2 16 26 39 73 84
2 8 19 23 27 87
2 15 20 49 54 83
2 12 17 51 52 74
2 13 26 51 63 74
2 9 23 42 60 86
2 4 20 44 59 81
2 7 20 37 53 86
2 6 17 19 42 77
2 17 21 40 52 87
2 15 20 51 70 76
2 17 37 51 72 77
2 5 17 42 61 82
2 24 35 53 61 76
2 15 16 34 68 84
2 11 18 23 36 73
2 15 24 38 80 87
2 17 29 39 54 85
2 27 28 48 67 84
2 16 26 60 69 84
2 6 13 26 52 76
2 7 11 45 73 87
2 9 12 42 50 88
2 9 28 41 59 84
2 27 28 35 59 76
2 3 9 19 48 76
2 10 31 35 37 82
2 17 19 36 44 83
2 8 16 52 77 87
2 22 25 49 64 78
2 17 30 38 58 71
2 8 18 41 60 85
2 7 32 37 58 75
2 3 19 24 69 85
2 8 14 37 45 85
2 12 24 34 35 86
2 10 13 34 35 83
2 6 7 29 57 73
2 11 18 20 56 83
2 6 19 32 57 86
2 5 24 43 70 87
2 5 24 25 64 82
2 20 39 52 61 81
2 18 39 52 55 84
2 6 24 37 42 83
2 13 14 19 61 88
2 14 27 33 59 87
2 16 34 41 63 87
2 19 25 58 60 80
2 11 17 41 71 88
2 15 19 57 70 79
2 20 31 49 54 81
2 24 32 41 51 84
2 4 12 33 64 86
2 18 25 41 55 78
2 11 19 32 43 78
2 5 22 27 32 86
2 6 33 45 54 83
2 21 27 40 70 82
2 18 22 27 60 79
2 12 21 52 65 87
2 18 26 32 57 86
2 7 23 62 74 76
2 13 30 49 51 84
2 13 24 55 78 88
2 25 32 59 66 82
2 12 36 51 54 81
2 3 26 29 33 84
2 13 31 38 48 89
2 12 31 48 50 79
2 14 27 40 64 88
2 13 23 25 29 79
2 20 22 35 74 89
2 9 39 40 63 83
2 10 34 35 65 73
2 15 20 24 61 79
2 4 29 45 50 80
2 8 19 36 61 80
2 19 27 34 68 86
2 10 11 32 55 87
2 4 19 55 65 74
2 17 25 27 29 84
2 3 32 37 59 87
2 31 40 43 45 84
2 5 23 55 57 82
2 7 18 31 64 82
2 13 19 20 39 67
2 28 48 58 74 79
2 7 24 38 46 85
2 7 15 19 71 88
2 22 28 59 75 82
2 7 27 41 67 88
2 12 15 44 68 89
2 22 27 30 72 81
2 24 25 39 57 82
2 7 28 30 55 87
2 10 27 32 43 77
2 12 34 44 60 84
2 3 16 17 71 85
2 9 10 16 53 83
2 8 21 51 58 85
2 10 31 59 78 86
2 10 18 27 48 82
2 13 20 49 61 80
2 7 10 47 52 73
2 24 28 35 55 82
2 4 24 38 58 74
2 14 17 35 66 75
2 7 16 39 51 87
2 10 19 41 58 87
2 15 20 37 57 80
2 10 25 58 65 74
2 19 36 52 56 88
2 4 28 44 63 80
2 15 25 36 56 76
2 8 20 51 71 84
2 5 34 35 65 88
2 27 40 55 69 87
2 16 26 33 52 80
2 5 32 38 62 79
2 11 29 37 60 68
2 10 24 49 58 84
2 14 49 54 68 82
2 14 41 48 61 82
2 10 20 39 46 83
2 10 29 55 59 88
2 18 25 34 36 86
2 5 20 45 55 87
2 19 34 45 60 71
2 11 12 19 37 87
2 18 25 28 52 75
2 6 19 39 70 89
2 6 28 51 65 84
2 2 9 11 46 69
2 4 13 31 63 82
2 11 34 46 67 77
2 22 31 45 73 81
2 15 37 43 47 80
2 2 9 31 48 83
2 9 26 42 64 87
2 11 24 35 69 88
2 5 35 48 62 84
2 12 26 35 59 80
2 25 33 56 67 84
2 7 13 19 34 84
2 7 21 37 58 88
2 23 34 39 49 75
2 18 26 39 55 71
2 8 26 36 52 87
2 13 24 47 51 82
2 6 32 57 64 87
2 11 27 35 69 81
2 19 25 45 53 88
2 5 17 47 64 80
2 11 18 40 67 79
2 5 18 42 44 89
2 8 22 56 70 82
2 16 20 52 78 87
2 14 36 44 60 82
2 6 28 44 55 80
2 12 27 32 62 82
40 3 4 10 42 77
40 5 8 11 23 70
40 5 18 24 25 68
40 5 14 20 32 69
40 2 5 9 30 74
40 4 13 18 34 71
40 2 6 14 31 69
40 3 15 22 50 68
40 4 8 23 43 70
40 2 10 19 31 76
40 6 10 20 39 61
40 2 6 12 15 75
40 3 5 15 39 64
40 4 16 17 23 68
40 4 7 10 11 67
40 3 8 15 32 71
40 3 10 25 41 77
40 3 11 25 27 73
40 5 11 25 41 71
40 4 7 15 40 67
40 3 4 21 44 76
40 3 9 13 29 72
40 4 9 13 22 70
40 3 5 14 24 58
40 2 6 16 35 67
40 3 12 18 26 70
40 3 8 22 30 69
40 2 11 22 27 57
40 6 8 17 41 68
40 2 9 15 31 75
40 5 8 21 29 68
40 3 9 27 41 70
40 3 11 19 34 64
40 2 7 12 24 67
40 3 7 11 49 71
40 2 15 27 34 70
40 3 5 14 33 77
40 4 9 14 30 73
40 4 6 22 33 66
40 4 16 23 35 75
40 2 8 22 34 72
40 2 6 8 33 77
40 3 11 18 28 77
40 4 8 20 35 63
40 3 11 14 33 76
40 6 12 17 21 63
40 5 11 16 26 71
40 4 6 21 32 70
33 5 10 14 32 73
33 2 17 23 31 59
33 4 11 27 41 75
33 4 7 23 32 63
33 3 11 17 28 59
33 5 10 11 16 70
33 4 9 26 35 70
33 4 8 23 35 74
33 6 10 12 22 71
33 6 14 18 40 73
33 4 9 20 42 74
33 3 7 17 18 78
33 4 7 24 47 76
33 2 9 20 38 74
33 5 9 18 21 75
33 2 12 21 30 71
33 3 11 12 24 57
33 3 15 20 23 75
33 4 9 23 42 74
33 3 13 26 35 75
33 5 12 19 38 77
33 5 9 15 28 72
33 3 7 17 32 74
33 4 11 17 41 71
33 3 10 16 24 71
33 3 6 23 42 73
33 3 4 15 46 65
33 3 7 20 34 72
33 4 8 19 31 74
33 2 8 20 36 66
33 3 7 18 38 63
33 6 9 25 44 63
33 2 15 25 41 67
33 4 11 18 24 68
33 5 12 16 28 73
33 5 14 32 43 73
33 2 10 15 27 62
33 3 4 12 29 76
33 4 11 12 34 71
33 5 12 19 47 71
33 5 9 12 27 62
33 3 6 8 21 68
33 3 9 22 23 69
33 4 10 24 27 72
33 3 7 21 39 64
33 4 15 26 46 75
33 3 8 11 34 78
33 4 10 24 35 70
33 2 6 9 23 71
33 2 17 24 28 75
33 5 9 12 27 70
33 2 9 19 27 70
33 3 11 21 28 71
33 6 10 16 42 73
33 3 7 10 35 69
33 7 14 30 37 71
33 5 10 20 36 73
33 5 10 15 35 77
33 2 4 21 35 73
33 4 9 19 40 65
33 5 9 20 50 75
33 3 11 22 32 74
33 3 12 23 35 63
33 4 8 18 38 71
33 3 7 25 46 68
33 4 7 22 42 66
33 2 11 18 27 76
33 3 5 23 44 71
33 3 8 21 28 68
33 4 10 12 23 78
33 4 8 25 47 75
33 4 11 20 30 73
33 4 10 20 37 58
33 2 12 25 44 78
33 3 10 18 42 74
33 4 5 6 25 61
33 3 10 19 26 65
33 2 8 13 26 69
33 5 9 14 25 73
33 6 14 16 34 70
33 4 8 19 27 72
33 2 12 20 45 72
33 6 10 17 35 73
33 2 9 27 45 71
33 3 9 19 44 76
33 2 7 23 35 73
33 4 7 19 33 70
33 2 5 22 43 73
33 3 6 11 34 69
33 3 15 20 26 67
33 2 12 23 36 68
33 4 5 15 44 74
33 4 13 28 34 78
33 4 13 26 45 75
33 2 7 15 41 62
33 4 10 26 33 73
33 3 4 12 44 65
33 5 11 16 22 75
33 4 5 21 30 80
33 5 7 10 33 69
33 4 8 24 30 68
33 6 10 16 43 65
33 5 14 24 29 75
33 3 12 23 33 66
33 3 10 15 33 64
33 6 11 13 39 67
33 2 13 15 29 65
33 3 9 26 39 74
33 5 8 22 30 73
33 3 12 18 34 70
33 4 9 15 44 71
33 3 6 18 28 71
33 6 11 18 20 61
33 3 9 15 32 67
33 2 9 14 16 63
33 2 3 12 25 76
33 4 6 16 42 66
33 2 6 10 29 64
33 2 16 21 48 68
33 6 10 14 35 72
33 4 10 16 23 66
33 2 10 16 29 71
33 6 10 21 33 69
33 2 16 18 36 68
33 2 10 12 31 72
33 7 8 17 22 65
33 4 5 14 38 67
33 3 5 14 25 53
33 3 5 6 28 72
33 2 11 17 23 67
33 3 5 21 43 70
33 2 3 24 35 70
33 4 10 20 30 72
33 2 8 17 31 66
33 4 9 25 44 73
33 2 10 18 42 76
33 3 8 19 38 73
33 5 8 15 36 73
33 2 15 19 32 75
33 5 6 17 19 68
33 6 9 14 15 57
33 5 8 15 35 65
33 4 9 20 40 67
33 3 4 9 20 75
33 3 8 25 34 64
33 2 11 18 30 73
33 3 9 13 42 76
33 4 5 23 34 71
33 4 9 17 24 78
33 3 7 13 19 72
33 6 14 28 47 60
33 4 13 18 25 75
33 2 13 24 31 56
33 4 15 20 38 63
33 4 6 8 41 74
33 5 9 21 36 70
33 3 6 18 25 75
33 5 14 18 38 73
33 3 9 25 40 76
33 4 13 20 45 71
33 3 12 14 28 66
33 6 8 14 28 76
33 4 14 17 20 67
33 2 11 18 31 74
33 3 4 17 34 75
33 3 15 25 36 72
33 3 8 20 39 69
33 4 13 30 42 68
33 2 16 26 38 70
33 5 10 21 40 75
33 2 7 24 39 63
33 4 6 12 13 75
33 4 9 28 40 68
33 4 9 15 30 73
33 4 6 21 39 65
33 3 7 13 40 79
33 4 14 18 28 68
33 2 3 18 43 64
33 4 7 20 24 73
33 6 12 20 36 68
33 5 11 18 27 65
33 4 7 23 35 73
33 3 11 24 31 75
33 2 10 23 34 70
33 4 11 18 38 70
33 3 6 21 31 68
33 4 16 21 37 66
33 3 13 25 30 73
33 6 7 15 33 64
33 4 19 26 42 64
33 4 6 8 27 70
33 3 7 17 43 77
33 2 15 19 36 75
33 5 12 28 31 67
33 3 11 16 22 78
33 2 13 25 43 73
33 4 12 26 30 62
33 3 11 24 40 76
33 6 9 16 25 77
33 4 12 19 21 69
33 2 9 24 35 74
33 6 14 27 29 69
33 4 9 19 41 72
33 5 13 19 33 68
33 4 5 21 32 71
33 3 6 14 21 73
33 2 5 25 32 75
33 4 11 14 19 74
33 3 9 13 40 77
33 2 7 18 34 73
33 3 11 13 29 72
33 2 13 20 26 69
33 5 7 25 44 73
33 7 13 20 26 68
33 6 7 12 35 70
33 2 13 22 38 73
33 4 11 19 25 71
33 2 8 23 45 71
33 3 11 21 28 76
33 3 11 16 45 60
33 3 9 20 36 70
33 4 15 18 42 70
33 4 9 25 39 61
33 3 8 28 40 67
33 3 18 27 39 74
33 7 12 23 25 68
33 5 11 18 45 67
33 2 7 27 40 65
33 5 9 11 42 70
33 2 12 25 43 75
33 3 9 12 24 73
33 4 8 16 33 72
33 7 12 19 33 68
33 2 7 11 44 65
33 2 10 18 31 68
33 4 12 26 34 74
33 4 8 29 39 77
33 3 6 21 37 71
33 4 8 31 35 69
33 3 5 21 39 63
33 2 11 21 36 53
33 2 3 17 20 71
33 4 8 19 23 70
33 5 9 18 40 73
33 4 12 24 40 77
33 4 5 6 24 72
33 3 11 13 23 49
33 4 11 17 26 69
33 5 13 27 30 71
33 3 7 18 21 67
20 7 16 28 39 64
20 4 8 29 36 79
20 6 13 24 32 82
20 5 11 28 48 80
20 3 11 23 42 62
20 3 11 26 47 70
20 5 8 20 45 72
20 2 11 16 33 76
10 3 14 19 59 79
10 9 20 31 45 73
10 3 5 15 31 85
10 5 18 26 58 80
10 3 12 26 27 82
10 5 15 16 36 77
10 6 10 12 16 77
10 11 20 28 36 80
10 10 14 30 41 67
10 6 20 22 36 61
10 6 8 27 34 70
10 11 24 35 43 75
10 2 5 29 49 84
10 3 12 13 16 82
10 5 7 27 38 72
10 7 15 24 37 74
10 6 7 21 50 83
10 2 10 20 55 82
10 7 9 15 42 80
10 5 8 26 38 77
10 4 13 25 39 82
10 5 13 27 45 85
10 5 6 30 40 58
10 3 13 23 38 76
10 4 15 25 32 71
10 8 21 34 59 80
10 2 10 17 30 75
10 10 13 23 25 76
10 6 15 20 48 80
10 8 18 38 52 79
10 6 13 28 59 84
10 3 18 31 38 75
10 11 24 30 38 75
10 4 18 32 41 71
10 3 9 15 35 74
10 2 16 23 54 80
10 5 18 30 48 81
10 2 12 15 23 66
10 3 8 27 42 78
10 8 12 27 58 81
10 4 5 8 17 77
10 7 18 24 39 75
10 4 16 17 19 79
10 3 7 21 33 56
10 6 8 22 43 81
10 11 18 25 35 76
10 5 16 38 44 63
10 9 26 33 47 71
10 3 18 23 41 78
10 4 8 27 56 73
10 4 17 28 29 75
10 7 8 23 30 81
10 3 13 20 34 78
10 5 22 41 46 70
10 8 17 35 47 67
10 4 13 20 29 83
10 4 17 28 38 73
10 3 8 9 57 75
10 4 18 28 50 79
10 8 10 25 29 66
10 8 13 32 58 73
10 3 12 32 35 62
10 3 11 34 46 79
10 3 11 29 32 80
10 4 14 26 45 79
10 5 18 30 53 78
10 10 24 38 51 79
10 9 19 21 47 82
10 8 11 23 41 79
10 10 16 29 37 71
10 6 10 37 53 76
10 10 17 18 46 80
10 9 22 27 38 80
10 5 12 35 55 81
10 5 11 28 57 80
10 7 20 36 56 81
10 9 16 32 50 72
10 3 5 21 34 74
10 6 10 28 40 74
10 7 13 35 58 73
10 7 13 20 37 76
10 9 21 23 54 74
10 3 20 35 47 76
10 3 17 22 45 69
10 5 19 36 48 75
10 5 19 21 38 76
10 3 13 18 37 79
10 10 14 17 31 78
10 3 10 15 56 70
10 4 12 25 31 79
10 5 16 31 42 73
10 4 24 32 45 75
10 5 17 29 46 73
10 5 28 33 37 82
10 7 14 20 30 75
10 9 23 39 52 82
10 10 20 30 49 72
10 8 11 25 54 84
10 5 13 21 37 80
10 4 16 21 36 81
10 5 20 28 41 71
10 3 13 23 37 81
10 7 16 28 44 80
10 4 12 30 50 66
10 4 10 14 46 76
10 4 16 25 49 75
10 3 8 29 48 77
10 10 19 30 44 78
10 8 17 26 44 77
10 11 20 25 32 78
10 9 17 33 45 75
10 11 20 32 45 70
10 4 16 27 38 72
10 7 14 30 57 75
10 7 15 21 48 82
10 7 11 24 43 76
10 5 22 24 44 79
10 7 9 42 60 81
10 4 18 21 42 74
10 5 15 18 42 71
10 4 11 18 56 80
10 7 13 28 42 82
10 4 17 23 39 80
10 7 12 30 48 76
10 6 12 24 41 74
10 10 18 29 42 80
10 9 14 27 53 75
10 9 21 24 55 73
10 4 15 31 56 71
10 8 22 39 47 68
10 3 12 26 39 74
10 3 19 24 48 71
10 6 18 30 49 75
10 4 11 18 35 70
10 5 12 27 52 82
10 5 11 15 34 61
10 5 19 38 47 78
10 4 6 25 44 70
10 9 15 24 34 73
10 2 12 44 54 63
10 8 16 31 43 74
10 4 18 24 41 76
10 3 10 25 35 81
10 3 16 21 43 76
10 4 11 25 46 70
10 8 11 35 59 74
10 7 9 30 49 76
10 6 19 24 44 80
10 3 13 23 31 79
10 3 23 30 49 79
10 4 13 30 32 71
10 10 21 26 50 72
10 11 14 28 39 79
10 5 14 18 51 80
10 3 10 22 26 73
10 4 11 22 44 73
10 5 21 34 42 67
10 7 8 34 43 74
10 7 10 22 33 73
10 4 18 29 42 83
10 7 13 25 61 80
10 6 22 40 52 80
10 8 16 21 27 74
10 11 14 29 41 81
10 6 15 25 29 79
10 2 17 25 42 78
10 13 24 30 36 70
10 6 9 26 45 79
10 4 9 29 34 79
10 3 7 26 34 75
10 2 4 35 53 77
10 3 13 31 43 78
10 6 15 21 36 81
10 11 18 29 43 76
10 3 14 29 50 79
10 4 15 26 34 72
10 4 9 11 35 71
10 3 6 19 49 75
10 5 12 19 34 78
10 4 11 20 46 68
10 10 18 29 52 77
10 5 16 20 41 80
10 7 14 16 45 72
10 6 12 31 50 84
10 7 8 31 54 79
10 6 20 29 44 77
10 7 11 24 48 75
10 5 15 32 61 78
10 7 14 28 41 73
10 8 13 19 41 69
10 8 20 27 39 76
10 10 20 24 44 78
10 6 12 28 34 79
10 8 13 22 31 77
10 4 16 34 42 75
10 7 21 22 63 83
10 6 11 22 44 77
10 4 13 22 46 78
10 3 24 28 44 75
10 7 23 27 50 70
10 8 24 32 34 79
10 4 6 9 30 80
10 2 4 29 57 76
10 7 26 35 48 80
10 3 12 18 19 77
10 2 5 19 39 77
10 4 12 24 29 75
10 5 16 31 46 77
10 7 14 28 44 69
10 8 13 24 27 78
10 5 12 28 55 81
10 5 15 32 51 78
10 3 12 19 41 79
10 6 8 18 47 72
10 5 17 19 31 73
10 4 10 33 39 78
10 3 14 28 47 81
10 8 9 11 42 76
10 5 12 20 34 76
10 3 15 27 30 77
10 10 23 35 57 75
10 6 16 39 50 73
10 4 22 33 49 73
10 8 12 27 37 68
10 7 11 31 46 78
10 4 11 22 42 84
10 7 14 30 49 74
10 2 6 24 42 74
10 4 15 17 35 67
10 6 10 24 55 74
10 6 7 17 49 74
10 8 14 31 46 83
10 6 18 19 44 75
10 5 24 37 52 81
10 7 22 29 36 80
10 6 14 21 31 77
10 5 23 37 53 84
10 5 12 21 35 77
10 8 10 25 48 72
10 6 12 28 44 66
10 6 20 35 51 72
10 12 19 33 51 79
10 13 24 29 54 78
10 6 7 17 45 73
10 6 10 27 32 75
10 7 17 26 30 83
10 3 15 22 49 72
10 4 7 11 20 77
10 11 20 34 41 78
10 6 14 29 45 73
33 4 7 16 29 72
33 4 14 27 45 76
33 2 7 23 34 69
33 3 11 23 41 56
33 3 14 24 36 76
33 6 15 19 34 68
33 4 15 23 30 69
33 3 11 18 47 73
33 4 10 24 26 64
33 3 8 17 29 60
33 7 15 17 28 77
33 4 14 25 31 71
33 3 12 25 39 74
33 4 8 12 36 55
33 2 8 14 29 68
33 4 11 25 49 72
33 6 11 20 31 72
33 3 8 16 25 77
33 3 4 13 39 73
33 3 14 24 38 65
33 5 14 21 38 72
33 2 13 21 38 74
33 6 12 17 34 75
33 3 5 34 41 72
33 3 6 19 44 60
33 2 7 15 30 73
33 3 8 19 23 69
33 4 7 15 39 69
33 3 7 14 34 71
33 2 13 25 30 70
33 3 11 22 35 66
33 3 6 16 30 65
33 4 9 24 30 75
33 6 11 16 31 71
33 2 6 21 30 72
33 2 8 20 36 66
33 2 11 18 43 67
33 4 8 18 35 75
33 5 6 19 34 76
33 3 9 12 42 64
33 4 12 19 26 76
33 2 11 23 28 79
33 3 16 32 48 76
33 3 8 25 31 75
33 4 6 9 30 70
33 3 9 23 39 69
33 5 7 24 47 61
33 2 17 26 47 72
33 7 14 19 39 72
33 3 9 14 46 75
33 4 10 12 42 75
33 2 9 19 37 64
33 3 6 17 31 63
33 3 5 28 45 66
33 3 13 28 38 70
33 6 9 17 20 73
33 3 5 22 29 70
33 6 10 17 33 68
33 4 14 16 35 71
33 2 9 18 41 71
33 3 5 11 45 75
33 4 7 18 32 75
33 2 16 26 40 69
33 5 11 15 30 67
33 2 9 13 38 74
33 4 7 20 28 80
33 7 13 20 30 69
33 5 8 26 45 73
33 3 7 19 38 67
33 3 5 6 37 64
33 5 16 20 34 58
33 3 8 12 21 67
33 4 10 19 31 77
33 3 5 24 31 70
33 2 7 15 37 74
33 5 9 24 32 53
33 2 7 20 42 72
33 3 10 22 26 71
33 4 8 24 42 69
33 2 5 16 27 74
33 4 9 23 36 73
33 2 14 27 43 69
33 4 10 23 34 75
33 3 10 20 36 72
33 3 7 15 37 77
33 3 7 30 41 73
33 6 13 16 43 73
33 5 12 21 29 75
33 3 9 21 33 69
33 5 9 25 45 78
33 4 6 16 46 81
33 2 5 17 32 67
33 3 6 15 35 73
33 5 11 24 41 68
33 4 11 18 34 75
33 3 13 18 23 73
33 4 8 18 20 79
33 3 9 22 30 63
33 3 9 23 36 70
33 3 7 16 37 72
33 6 10 12 44 71
33 5 9 26 45 66
33 3 7 19 42 71
33 6 10 24 39 71
33 2 6 23 39 69
33 2 12 20 34 69
33 4 11 24 34 69
33 3 9 25 35 62
33 5 12 18 37 75
33 5 10 16 44 70
33 4 9 27 35 80
33 2 3 23 43 67
33 3 13 17 36 62
33 6 18 30 43 72
33 4 13 32 35 67
33 4 11 13 37 70
33 3 11 23 41 73
33 4 13 28 30 77
33 2 10 20 31 69
33 2 8 11 15 71
33 4 7 17 28 66
33 5 15 23 40 75
33 2 4 15 35 68
33 3 5 18 29 70
33 5 8 15 29 77
33 3 4 11 31 64
33 5 8 18 23 72
33 4 13 23 31 74
33 5 15 20 33 77
33 2 13 14 33 75
33 6 10 29 35 72
33 2 9 19 26 71
33 7 11 23 35 76
33 3 9 25 38 78
33 5 8 14 26 72
33 6 12 21 39 67
33 4 7 18 29 69
33 2 9 14 15 76
33 4 9 21 30 69
33 4 7 23 41 63
33 3 7 11 34 70
33 3 12 29 50 67
33 4 12 19 30 72
33 2 14 23 26 71
33 2 5 27 35 72
33 3 14 20 30 76
33 3 4 27 36 73
33 4 10 24 38 75
33 4 8 14 39 75
33 6 9 13 31 57
33 2 11 17 25 70
33 3 7 23 37 65
33 3 9 23 41 70
33 5 6 17 30 66
33 4 13 26 45 72
33 3 7 21 28 64
33 2 5 16 44 70
33 5 14 18 30 77
33 6 11 25 29 78
33 4 11 20 37 73
33 2 6 20 41 72
33 3 7 17 32 69
33 4 7 19 28 73
33 3 9 18 35 72
33 5 8 18 50 73
33 6 12 21 41 78
33 2 8 24 37 72
33 5 15 20 38 60
33 3 10 15 33 65
33 2 6 14 41 71
33 3 9 11 23 70
33 3 10 18 38 73
33 3 15 21 26 69
33 2 7 31 41 59
33 4 10 13 24 75
33 4 7 20 41 80
33 3 10 18 36 75
33 3 5 7 20 70
33 3 12 16 42 74
33 3 7 19 27 72
33 5 14 24 30 73
33 3 11 16 38 71
33 6 14 23 26 70
33 4 8 11 34 71
33 5 7 20 35 70
33 4 10 17 34 71
33 2 8 21 40 73
33 2 8 14 22 77
33 3 8 21 44 75
33 5 9 29 39 71
33 4 5 12 38 77
33 4 6 15 36 73
33 3 8 17 35 73
33 3 6 22 42 72
33 3 11 21 27 68
33 2 10 17 49 74
33 4 8 22 33 77
33 2 7 9 38 68
33 3 10 15 37 71
33 3 14 22 34 62
33 2 5 19 35 75
33 3 8 20 32 62
33 2 12 19 27 65
33 2 7 21 28 73
33 5 8 21 34 74
33 3 10 21 26 69
33 2 11 19 31 70
33 3 9 21 32 71
33 5 9 11 42 66
33 3 13 22 24 68
33 7 14 19 22 72
33 3 8 18 36 67
33 4 11 20 24 73
33 5 13 17 38 66
33 4 9 19 25 73
33 3 10 19 35 73
33 3 13 16 39 76
33 2 6 10 36 72
33 5 9 18 49 72
33 4 7 17 39 62
33 4 17 18 28 77
33 3 11 24 33 73
33 4 14 15 37 77
33 2 7 18 25 60
33 2 7 19 21 72
33 5 13 25 30 72
33 5 8 20 27 68
33 2 7 18 29 65
33 2 9 15 25 58
33 3 12 19 23 75
33 3 14 23 38 74
33 4 8 22 32 72
33 3 6 22 46 77
33 3 15 21 32 66
33 6 11 23 47 76
33 3 11 20 40 71
33 3 8 13 26 69
33 2 13 15 38 69
33 5 11 21 45 73
33 4 5 8 34 73
33 2 3 20 40 69
33 3 5 14 38 73
33 2 13 23 29 78
33 5 8 12 40 69
33 3 11 17 22 70
33 2 15 17 37 60
33 3 12 18 32 70
33 5 13 29 30 67
33 3 8 27 49 64
33 3 8 26 36 70
3 12 13 52 54 77
3 3 11 35 50 83
5 11 15 16 53 72
5 10 16 34 60 81
5 4 19 28 43 72
5 6 17 36 60 82
5 3 19 44 51 84
5 4 14 21 49 82
5 6 19 27 56 81
5 2 25 26 29 77
5 3 7 44 46 82
5 11 24 33 50 73
5 10 24 36 47 67
5 5 7 29 33 84
5 3 18 29 50 78
5 4 9 34 39 81
5 3 4 22 46 69
5 11 20 28 43 83
5 3 5 12 52 81
5 10 24 33 57 84
5 6 15 38 46 67
5 2 18 33 40 78
5 10 15 26 54 77
5 13 24 35 59 71
5 9 10 29 52 80
5 3 13 32 41 85
5 6 18 30 31 72
5 9 21 36 48 82
5 15 18 31 65 79
5 3 18 26 43 80
5 15 21 33 55 75
5 3 13 30 47 83
5 10 19 21 34 82
5 5 19 36 55 82
5 10 21 39 50 77
5 9 19 30 31 82
5 8 25 37 47 66
5 12 22 42 43 79
5 10 18 32 58 77
5 3 5 27 47 80
5 2 20 28 39 78
5 15 16 36 39 83
5 10 25 38 52 74
5 4 5 9 58 68
5 9 26 50 62 80
5 17 26 51 52 75
5 13 24 36 67 83
5 11 14 26 53 72
5 6 8 35 40 77
5 2 10 20 47 82
5 10 16 43 61 85
5 4 12 39 51 77
5 8 12 21 34 80
5 12 15 21 36 83
5 11 20 25 60 82
5 3 16 19 46 77
5 6 13 37 56 82
5 17 18 38 59 69
5 5 15 25 46 82
5 4 19 30 56 74
5 12 13 29 44 73
5 3 10 12 43 54
5 8 11 33 39 83
5 9 12 25 34 82
5 3 16 24 62 77
5 4 16 30 62 86
5 5 14 48 63 77
5 5 8 23 49 80
5 6 9 20 51 83
5 6 15 31 60 85
5 8 14 19 41 85
5 10 20 36 68 87
5 5 19 28 38 83
5 10 16 29 44 72
5 14 15 19 27 87
5 6 13 23 50 80
5 4 18 31 49 59
5 6 13 26 47 80
5 10 14 38 44 81
5 11 26 33 41 79
5 3 20 29 60 79
5 8 20 27 30 80
5 13 14 32 36 73
5 5 24 33 50 73
5 6 20 35 51 85
5 5 18 32 49 83
5 16 25 37 45 71
5 11 26 30 42 78
5 7 18 40 57 82
5 5 24 40 57 87
5 5 34 42 45 79
5 3 5 28 36 78
5 5 14 37 59 76
5 4 21 35 50 82
5 4 11 12 43 78
5 13 24 35 40 79
5 7 22 43 49 74
5 7 8 21 25 72
5 6 8 30 32 81
5 5 20 21 64 72
5 2 10 30 45 77
5 5 12 24 56 76